STATIONS_ID;MESS_DATUM;QN_3;  FX;  FM;QN_4; RSK;RSKF; SDK;SHK_TAG;  NM; VPM;  PM; TMK; UPM; TXK; TNK; TGK;eor
        662;20161007;   10;  10.9;   4.0;    3;   0.6;   4;    4.167;-999;   7.5;  11.3; 1011.12;   11.1;   86.33;   14.4;    6.6;    3.4;eor
        662;20161008;   10;   9.2;   2.4;    3;   6.9;   4;    0.367;-999;   6.6;   9.9; 1013.52;    7.9;   92.83;   11.8;    4.1;    0.8;eor
        662;20161009;   10;   4.8;   2.1;    3;   0.8;   4;    0.167;-999;   7.1;   9.3; 1014.62;    6.8;   93.67;   10.3;    3.1;    0.7;eor
        662;20161010;   10;   4.1;   1.1;    3;   0.0;   4;    1.650;-999;   6.3;   9.6; 1013.99;    8.2;   88.46;   12.4;    4.2;    1.2;eor
        662;20161011;   10;   9.1;   2.3;    3;   1.1;   4;    0.000;-999;   8.0;  10.2; 1011.19;    7.9;   95.33;    9.9;    5.7;    5.4;eor
        662;20161012;   10;   8.5;   4.2;    3;   0.3;   4;    0.000;-999;   7.8;   9.4; 1012.32;    7.2;   92.33;    8.9;    6.2;    5.9;eor
        662;20161013;   10;  11.1;   5.0;    3;   0.0;   4;    0.000;-999;   7.5;   9.1; 1010.97;    7.4;   88.83;    8.9;    6.5;    6.2;eor
        662;20161014;   10;  10.9;   5.8;    3;   0.0;   4;    0.117;-999;   7.9;   8.8; 1003.81;    8.0;   82.21;   10.5;    6.0;    5.8;eor
        662;20161015;   10;   8.8;   3.0;    3;   0.0;   4;    0.167;-999;   7.9;  11.4; 1003.25;   10.7;   87.25;   13.8;    7.6;    6.6;eor
        662;20161016;   10;   8.5;   2.0;    3;   0.0;   0;    8.733;-999;   3.1;  12.2; 1012.32;   12.6;   84.88;   17.6;    7.7;    3.9;eor
        662;20161017;   10;  10.7;   3.7;    3;   0.0;   4;    1.550;-999;   8.0;  12.8; 1012.43;   12.0;   91.33;   14.5;   10.5;   10.2;eor
        662;20161018;   10;   9.7;   2.7;    3;   1.7;   4;    5.867;-999;   6.1;  12.4; 1009.62;   12.7;   84.83;   16.1;   10.1;    6.9;eor
        662;20161019;   10;   7.5;   2.6;    3;  21.7;   4;    0.833;-999;   7.1;  10.0; 1002.56;    8.3;   91.33;   10.1;    6.2;    2.8;eor
        662;20161020;   10;   8.7;   2.4;    3;   6.2;   4;    0.000;-999;   7.6;   9.3; 1002.83;    6.4;   96.83;    9.0;    4.0;    2.1;eor
        662;20161021;   10;   6.5;   2.7;    3;   5.5;   4;    0.000;-999;   7.8;   9.6; 1003.00;    6.7;   97.96;    8.2;    5.4;    5.6;eor
        662;20161022;   10;   4.7;   1.5;    3;   0.0;   4;    0.883;-999;   7.9;   9.0; 1003.83;    6.7;   92.33;    8.1;    5.1;    1.8;eor
        662;20161023;   10;   7.4;   2.5;    3;   0.0;   0;    6.000;-999;   6.0;   8.5; 1005.35;    6.6;   87.75;    9.9;    3.7;    0.7;eor
        662;20161024;   10;   7.2;   2.7;    3;   9.4;   4;    0.000;-999;   7.9;   9.3; 1006.32;    6.1;   98.21;    7.6;    3.1;    1.0;eor
        662;20161025;   10;   5.3;   1.7;    3;   1.4;   4;    0.000;-999;   6.9;  10.1; 1012.52;    7.4;   97.92;    8.6;    1.8;   -0.2;eor
        662;20161026;   10;   4.5;   1.2;    3;   0.0;   4;    2.800;-999;   7.9;   9.2; 1019.07;    6.9;   92.92;   10.9;    1.5;    1.0;eor
        662;20161027;   10;   7.5;   3.2;    3;   0.0;   4;    0.000;-999;   7.6;  11.4; 1020.55;   10.5;   89.71;   12.8;    7.2;    6.4;eor
        662;20161028;   10;  11.5;   4.5;    3;   1.0;   4;    0.000;-999;   7.8;  12.5; 1019.63;   11.7;   90.42;   12.8;    9.5;    8.1;eor
        662;20161029;   10;   9.4;   3.8;    3;   0.0;   4;    2.250;-999;   7.8;  10.2; 1021.65;   10.2;   82.71;   12.6;    8.3;    6.3;eor
        662;20161030;   10;   6.5;   2.6;    3;   0.1;   4;    0.000;-999;   7.9;  11.0; 1020.37;    9.8;   90.67;   11.1;    8.4;    7.5;eor
        662;20161031;   10;   5.7;   2.1;    3;   0.2;   4;    0.000;-999;   8.0;  12.1; 1018.50;   10.8;   93.75;   12.8;    9.8;    8.5;eor
        662;20161101;   10;  11.5;   3.2;    3;   1.3;   4;    0.350;-999;   7.6;  10.6; 1009.19;    9.2;   91.63;   12.1;    6.7;    4.7;eor
        662;20161102;   10;  14.2;   5.1;    3;   1.1;   4;    1.133;-999;   5.6;   8.4; 1004.56;    6.4;   87.00;    9.2;    2.6;    0.5;eor
        662;20161103;   10;   6.5;   2.4;    3;   0.1;   4;    2.717;-999;   5.8;   7.9; 1010.20;    5.1;   89.00;    8.6;    0.2;   -2.7;eor
        662;20161104;   10;   7.6;   3.0;    3;   0.6;   4;    0.067;-999;   8.0;   7.8; 1003.45;    6.2;   82.04;    8.7;    3.9;    0.7;eor
        662;20161105;   10;   6.6;   2.3;    3;   1.6;   4;    0.000;-999;   6.9;   8.7;  990.90;    6.0;   92.04;    8.2;    4.1;    1.1;eor
        662;20161106;   10;   9.9;   2.7;    3;   2.1;   4;    1.117;-999;   6.5;   8.2;  989.17;    5.4;   91.63;    6.9;    3.9;    0.4;eor
        662;20161107;   10;   8.0;   3.0;    3;   5.9;   4;    0.000;-999;   7.6;   7.8;  996.48;    4.1;   94.71;    5.4;    2.3;    2.2;eor
        662;20161108;   10;   8.7;   3.4;    3;   4.3;   4;    0.000;-999;   7.2;   6.4;  998.05;    1.3;   94.88;    3.4;   -1.5;   -3.6;eor
        662;20161109;   10;   7.2;   2.5;    3;   1.5;   4;    2.733;-999;   7.3;   6.0;  995.75;    2.0;   85.83;    4.8;   -1.7;   -3.9;eor
        662;20161110;   10;   5.9;   2.2;    3;   0.1;   4;    0.000;-999;   7.9;   6.8;  996.51;    2.6;   91.83;    4.2;    0.9;   -0.6;eor
        662;20161111;   10;   8.2;   3.2;    3;   0.0;   4;    0.000;-999;   7.1;   6.0; 1008.77;    1.0;   91.83;    2.8;   -2.3;   -4.4;eor
        662;20161112;   10;   4.9;   1.5;    3;   0.0;   0;    1.650;-999;   6.8;   5.0; 1017.15;   -2.1;   94.88;    1.6;   -4.6;   -5.0;eor
        662;20161113;   10;   8.6;   3.5;    3;   0.0;   0;    4.533;-999;   3.9;   4.9; 1019.28;   -0.1;   81.00;    2.6;   -2.0;   -4.2;eor
        662;20161114;   10;   9.9;   2.5;    3;   0.3;   4;    6.967;-999;   3.9;   4.6; 1022.48;    0.9;   71.92;    4.9;   -4.6;   -7.3;eor
        662;20161115;   10;  12.4;   5.2;    3;   0.9;   4;    0.000;-999;   7.8;   7.5; 1012.83;    4.2;   89.71;    7.5;    2.3;    1.4;eor
        662;20161116;   10;   9.0;   3.8;    3;   9.8;   4;    0.033;-999;   7.7;  10.6; 1004.32;    8.5;   94.88;   11.2;    6.3;    5.0;eor
        662;20161117;   10;  14.4;   3.9;    3;   3.1;   4;    0.400;-999;   7.8;  10.2;  994.52;    9.4;   86.46;   11.7;    7.2;    6.6;eor
        662;20161118;   10;  20.2;   5.1;    3;   5.7;   4;    1.867;-999;   5.4;   8.9;  988.62;    8.7;   78.33;   12.4;    5.7;    3.5;eor
        662;20161119;   10;  11.5;   2.8;    3;   0.2;   4;    2.083;-999;   5.8;   7.3;  997.15;    5.6;   79.63;    8.5;    1.9;   -2.0;eor
        662;20161120;   10;  17.1;   5.1;    3;   0.1;   4;    0.933;-999;   7.8;   7.8;  992.59;    9.0;   67.50;   13.9;    3.5;    0.8;eor
        662;20161121;   10;   8.7;   3.6;    3;   0.0;   4;    0.000;-999;   7.8;   8.8;  994.71;   11.5;   64.83;   14.0;    9.8;    5.2;eor
        662;20161122;   10;   9.2;   2.6;    3;   0.0;   4;    0.167;-999;   8.0;   9.8; 1001.49;   10.9;   75.58;   14.2;    6.6;    3.2;eor
        662;20161123;   10;   3.5;   0.9;    3;   0.0;   0;    3.783;-999;   8.0;   9.9; 1008.91;    7.8;   93.25;   12.0;    5.2;    2.3;eor
        662;20161124;   10;   8.3;   3.3;    3;   0.0;   0;    4.517;-999;   7.7;   8.2; 1014.50;    5.2;   92.17;    8.3;    0.7;   -1.6;eor
        662;20161125;   10;   6.8;   3.1;    3;   0.0;   0;    0.167;-999;   7.9;   6.5; 1015.21;    1.3;   97.33;    3.0;   -0.6;   -0.3;eor
        662;20161126;   10;   8.0;   2.2;    3;   0.2;   4;    0.083;-999;   7.9;   5.8; 1009.90;   -0.4;   97.92;    3.9;   -1.6;   -1.3;eor
        662;20161127;   10;   8.1;   3.4;    3;   0.0;   4;    3.600;-999;   4.0;   7.4; 1008.93;    4.1;   89.96;    6.8;    0.1;   -3.4;eor
        662;20161128;   10;   6.2;   2.0;    3;   0.0;   0;    7.500;-999;   0.6;   4.7; 1020.38;   -1.2;   84.54;    2.4;   -4.3;   -7.6;eor
        662;20161129;   10;   5.6;   2.1;    3;   0.0;   0;    7.433;-999;   1.3;   4.4; 1024.31;   -2.7;   87.33;    1.2;   -5.9;   -8.7;eor
        662;20161130;   10;  11.9;   5.1;    3;   0.3;   4;    0.000;-999;   7.8;   5.2; 1017.85;    1.2;   76.71;    4.3;   -3.6;   -6.8;eor
        662;20161201;   10;  16.4;   6.5;    3;   1.5;   4;    0.000;-999;   7.3;   8.6; 1009.47;    6.3;   89.79;    8.1;    4.2;    3.5;eor
        662;20161202;   10;  15.7;   4.6;    3;   0.0;   0;    7.233;-999;   2.0;   6.3; 1010.32;    4.1;   75.96;    7.8;   -1.7;   -5.3;eor
        662;20161203;   10;   3.3;   1.2;    3;   0.0;   0;    7.150;-999;   1.6;   5.2; 1016.51;   -1.0;   92.21;    3.8;   -3.9;   -6.8;eor
        662;20161204;   10;   2.8;   0.9;    3;   0.0;   0;    6.900;-999;   6.3;   5.0; 1019.74;   -1.9;   93.33;    3.4;   -5.3;   -7.6;eor
        662;20161205;   10;   6.3;   1.5;    3;   0.0;   0;    7.167;-999;   0.3;   4.3; 1017.55;   -2.4;   84.58;    3.4;   -6.1;   -9.6;eor
        662;20161206;   10;   5.9;   1.9;    3;   0.0;   0;    0.833;-999;   6.5;   4.6; 1021.57;   -2.2;   87.17;    1.5;   -5.6;   -8.4;eor
        662;20161207;   10;  10.6;   3.4;    3;   0.0;   4;    0.717;-999;   8.0;   5.4; 1020.60;    0.4;   84.58;    5.0;   -4.9;   -7.4;eor
        662;20161208;   10;  11.4;   5.1;    3;   0.4;   4;    2.900;-999;   8.0;   6.4; 1016.51;    5.8;   68.75;    8.4;    3.9;    2.1;eor
        662;20161209;   10;  10.3;   4.5;    3;   0.2;   4;    0.000;-999;   7.8;   9.3; 1015.47;    6.9;   92.75;    9.1;    4.2;    3.2;eor
        662;20161210;   10;  10.6;   4.3;    3;   8.6;   4;    0.000;-999;   8.0;   9.4; 1011.15;    7.6;   89.46;    9.1;    6.5;    4.5;eor
        662;20161211;   10;  19.6;   6.0;    3;   4.5;   4;    0.050;-999;   7.5;   9.4; 1004.61;    7.5;   90.42;    9.2;    6.0;    4.2;eor
        662;20161212;   10;  10.8;   3.8;    3;   0.1;   4;    0.050;-999;   7.7;   8.8; 1013.65;    6.1;   93.08;    7.6;    3.7;    2.1;eor
        662;20161213;   10;   5.9;   2.3;    3;   1.3;   4;    0.317;-999;   7.9;   8.1; 1014.43;    5.2;   91.63;    6.9;    3.7;    2.3;eor
        662;20161214;   10;   5.8;   2.0;    3;   0.1;   4;    0.033;-999;   7.8;   9.6; 1015.11;    6.7;   97.63;    7.4;    6.0;    5.4;eor
        662;20161215;   10;  11.6;   5.3;    3;   0.0;   0;    0.000;-999;   7.3;   7.1; 1019.61;    3.0;   92.04;    6.2;    0.3;   -1.1;eor
        662;20161216;   10;   8.7;   2.7;    3;   0.0;   0;    1.483;-999;   7.7;   5.4; 1021.28;   -0.3;   90.50;    1.7;   -3.0;   -4.7;eor
        662;20161217;   10;   6.2;   2.3;    3;   0.1;   4;    1.367;-999;   7.4;   5.9; 1026.00;    0.4;   93.54;    3.5;   -3.8;   -5.6;eor
        662;20161218;   10;   9.4;   3.1;    3;   0.9;   4;    0.000;-999;   7.7;   8.7; 1023.19;    5.1;   98.00;    6.2;    3.1;    2.3;eor
        662;20161219;   10;   9.0;   2.9;    3;   0.0;   0;    0.650;-999;   7.7;   7.4; 1020.88;    4.1;   90.17;    6.3;    2.4;    0.2;eor
        662;20161220;   10;  11.7;   3.9;    3;   0.0;   0;    0.000;-999;   7.3;   5.7; 1016.86;    0.3;   91.50;    2.5;   -1.2;   -2.7;eor
        662;20161221;   10;   9.2;   3.4;    3;   0.0;   4;    5.483;-999;   1.5;   5.6; 1016.36;    0.8;   85.96;    3.2;   -2.0;   -4.3;eor
        662;20161222;   10;   8.8;   3.9;    3;   2.2;   4;    0.000;-999;   7.8;   6.5; 1018.48;    2.1;   90.67;    3.4;    0.4;   -1.0;eor
        662;20161223;   10;  13.2;   4.5;    3;   0.2;   4;    0.933;-999;   7.4;   7.2; 1020.49;    3.9;   88.50;    5.7;    2.1;    0.5;eor
        662;20161224;   10;  15.5;   6.3;    3;   0.7;   4;    0.800;-999;   7.7;   7.8; 1011.14;    6.5;   80.71;    8.0;    4.3;    3.2;eor
        662;20161225;   10;  14.2;   6.6;    3;   0.5;   4;    0.000;-999;   7.6;  10.1; 1009.57;    8.7;   89.08;   10.4;    7.0;    5.6;eor
        662;20161226;   10;  17.8;   7.7;    3;   0.8;   4;    0.233;-999;   5.8;   8.7; 1012.04;    8.4;   76.83;   11.1;    4.8;    3.0;eor
        662;20161227;   10;  17.5;   8.2;    3;   0.2;   4;    1.283;-999;   7.4;   7.7; 1023.20;    6.8;   77.71;    8.1;    5.1;    3.5;eor
        662;20161228;   10;  11.1;   4.4;    3;   0.0;   4;    0.000;-999;   7.8;   8.0; 1031.65;    5.9;   86.13;    7.2;    4.8;    3.7;eor
        662;20161229;   10;   5.9;   1.6;    3;   0.0;   0;    6.300;-999;   3.5;   6.3; 1030.89;    3.3;   81.67;    6.9;   -1.5;   -4.7;eor
        662;20161230;   10;   8.0;   3.1;    3;   0.0;   0;    6.933;-999;   2.0;   5.3; 1026.30;    1.2;   80.88;    5.3;   -2.1;   -5.7;eor
        662;20161231;   10;   8.9;   3.8;    3;   0.0;   0;    4.300;-999;   3.7;   5.2; 1019.90;    1.7;   74.50;    3.6;   -1.5;   -5.0;eor
        662;20170101;   10;  10.0;   4.8;    3;   1.7;   4;    0.567;-999;   6.3;   5.0; 1008.38;   -0.1;   81.83;    3.4;   -1.7;   -3.2;eor
        662;20170102;   10;   8.8;   4.1;    3;   1.5;   4;    0.000;-999;   7.0;   6.1; 1008.19;    0.8;   94.67;    1.8;   -0.6;   -2.0;eor
        662;20170103;   10;  18.7;   7.0;    3;   8.6;   4;    0.000;-999;   7.8;   6.7; 1006.62;    2.5;   92.29;    3.8;    0.9;   -0.1;eor
        662;20170104;   10;  18.0;   8.3;    3;   2.7;   4;    0.100;-999;   5.9;   6.3;  997.20;    3.0;   82.08;    5.4;   -0.3;   -1.8;eor
        662;20170105;   10;   9.3;   4.1;    3;   0.0;   4;    2.033;-999;   4.7;   3.7; 1019.30;   -2.9;   74.04;   -0.2;   -7.8;  -10.0;eor
        662;20170106;   10;   5.7;   1.3;    3;   0.0;   0;    7.133;-999;   3.2;   2.9; 1030.48;   -7.1;   79.92;   -3.7;  -10.0;  -11.6;eor
        662;20170107;   10;   9.7;   4.6;    3;   0.8;   4;    0.000;-999;   7.9;   3.8; 1020.09;   -3.5;   77.38;    0.1;   -5.8;   -6.6;eor
        662;20170108;   10;   7.8;   2.0;    3;   0.5;   4;    0.000;-999;   8.0;   6.4; 1018.89;    0.7;  100.00;    1.1;    0.0;   -0.4;eor
        662;20170109;   10;   6.1;   2.4;    3;   0.0;   4;    0.033;-999;   7.9;   5.6; 1014.23;    0.6;   88.00;    1.3;   -0.2;   -3.0;eor
        662;20170110;   10;   9.4;   3.1;    3;   0.0;   4;    0.450;-999;   7.9;   5.5; 1001.37;    1.9;   78.67;    3.1;   -0.4;   -2.9;eor
        662;20170111;   10;  16.3;   5.7;    3;   2.2;   4;    0.083;-999;   7.5;   6.2;  994.19;    2.9;   82.13;    4.9;    1.4;    0.4;eor
        662;20170112;   10;  14.4;   5.9;    3;   6.1;   4;    1.250;-999;   7.3;   6.2;  992.74;    4.0;   76.67;    5.6;    1.7;    0.6;eor
        662;20170113;   10;  13.1;   5.7;    3;   5.1;   4;    0.283;-999;   7.3;   6.2;  981.76;    1.4;   91.08;    2.9;   -0.2;   -1.4;eor
        662;20170114;   10;  17.9;   6.0;    3;   2.3;   4;    2.133;-999;   7.2;   6.0;  994.52;    1.4;   89.42;    2.7;    0.2;   -1.1;eor
        662;20170115;   10;  10.5;   4.3;    3;   0.0;   4;    0.517;-999;   6.0;   5.3; 1006.68;   -0.5;   90.08;    0.7;   -3.6;   -9.5;eor
        662;20170116;   10;   4.5;   1.8;    3;   0.0;   4;    0.717;-999;   7.3;   4.5; 1017.10;   -3.6;   96.79;   -2.0;   -6.1;   -8.6;eor
        662;20170117;   10;   4.3;   1.5;    3;   0.0;   4;    0.000;-999;   7.8;   4.5; 1026.82;   -3.5;   95.96;   -2.5;   -4.3;   -8.5;eor
        662;20170118;   10;   4.7;   1.2;    3;   0.0;   4;    0.000;-999;   7.6;   4.2; 1030.28;   -4.2;   93.67;   -2.5;   -5.8;   -9.7;eor
        662;20170119;   10;   3.6;   1.3;    3;   0.0;   0;    6.200;-999;   6.7;   4.3; 1028.52;   -2.0;   82.00;    1.5;   -5.5;   -7.8;eor
        662;20170120;   10;   2.3;   0.8;    3;   0.0;   4;    5.883;-999;   6.3;   5.2; 1025.88;    0.4;   83.75;    3.3;   -1.4;   -6.4;eor
        662;20170121;   10;   6.9;   1.7;    3;   0.0;   0;    4.583;-999;   4.8;   5.4; 1022.32;    0.3;   86.08;    3.6;   -3.0;   -6.7;eor
        662;20170122;   10;   4.1;   1.6;    3;   0.0;   4;    0.000;-999;   6.3;   4.6; 1017.91;   -3.5;   98.13;   -2.4;   -4.8;   -7.7;eor
        662;20170123;   10;   5.2;   1.8;    3;   0.0;   4;    0.000;-999;   7.9;   5.0; 1015.89;   -2.7;   98.67;   -1.1;   -4.3;   -4.1;eor
        662;20170124;   10;   4.9;   1.5;    3;   0.0;   0;    0.000;-999;   8.0;   5.7; 1018.91;   -0.4;   95.46;    0.2;   -1.2;   -1.9;eor
        662;20170125;   10;   5.0;   1.6;    3;   0.0;   0;    0.000;-999;   8.0;   5.2; 1022.10;   -0.4;   88.13;    1.2;   -1.3;   -3.0;eor
        662;20170126;   10;  13.2;   5.8;    3;   0.0;   0;    7.200;-999;   3.5;   4.9; 1018.40;    0.1;   80.50;    1.5;   -1.6;   -5.3;eor
        662;20170127;   10;   7.6;   2.6;    3;   0.0;   0;    7.633;-999;   2.6;   4.4; 1012.36;   -0.7;   75.88;    4.5;   -4.5;   -7.6;eor
        662;20170128;   10;   7.6;   2.2;    3;   0.0;   0;    7.267;-999;   4.4;   4.5; 1008.80;   -1.7;   83.21;    3.2;   -5.6;   -7.6;eor
        662;20170129;   10;  10.0;   3.4;    3;   0.0;   4;    2.983;-999;   7.7;   5.7; 1009.69;    3.6;   71.67;    6.3;    2.2;   -0.7;eor
        662;20170130;   10;   9.8;   3.0;    3;  10.5;   4;    0.000;-999;   7.8;   7.0; 1002.07;    2.9;   92.58;    4.6;    0.7;   -2.0;eor
        662;20170131;   10;   7.8;   2.6;    3;   0.4;   4;    0.000;-999;   7.9;   6.3; 1005.98;    0.5;   99.71;    0.9;    0.2;   -0.3;eor
        662;20170201;   10;   8.3;   3.1;    3;   0.0;   4;    0.200;-999;   6.0;   6.2; 1009.08;    0.9;   94.08;    2.5;   -1.4;   -4.0;eor
        662;20170202;   10;   5.9;   2.6;    3;   0.1;   4;    0.000;-999;   6.9;   6.7; 1001.29;    2.6;   91.13;    6.4;    0.1;   -1.6;eor
        662;20170203;   10;   5.0;   1.6;    3;   2.5;   4;    0.000;-999;   6.9;   7.7;  995.59;    3.2;   98.54;    6.8;   -1.3;   -3.6;eor
        662;20170204;   10;   6.4;   2.4;    3;   0.4;   4;    2.367;-999;   5.5;   7.5;  992.88;    5.1;   86.17;    9.3;    0.7;   -1.6;eor
        662;20170205;   10;   5.4;   2.1;    3;   0.6;   4;    0.000;-999;   7.9;   7.3;  994.83;    2.6;   98.00;    4.6;    1.3;   -0.8;eor
        662;20170206;   10;   7.9;   3.8;    3;   0.0;   4;    0.000;-999;   7.9;   6.0; 1008.67;    0.5;   94.00;    2.6;   -1.9;   -2.2;eor
        662;20170207;   10;   9.9;   5.1;    3;   0.0;   4;    0.000;-999;   7.9;   4.6; 1012.73;   -1.0;   81.21;   -0.3;   -1.7;   -1.9;eor
        662;20170208;   10;   9.7;   5.2;    3;   0.0;   0;    0.000;-999;   8.0;   4.0; 1017.75;   -2.2;   75.96;   -1.3;   -4.0;   -4.0;eor
        662;20170209;   10;   9.2;   4.6;    3;   0.0;   0;    1.467;-999;   8.0;   3.7; 1021.02;   -3.0;   75.29;   -1.1;   -4.0;   -4.3;eor
        662;20170210;   10;   8.7;   4.4;    3;   0.0;   4;    0.000;-999;   8.0;   3.9; 1016.48;   -2.7;   77.33;   -0.3;   -4.8;   -4.7;eor
        662;20170211;   10;   9.4;   4.9;    3;   0.0;   4;    0.000;-999;   8.0;   4.4; 1015.35;   -0.9;   76.29;    0.0;   -2.3;   -3.8;eor
        662;20170212;   10;   8.4;   4.8;    3;   0.0;   0;    0.000;-999;   7.0;   4.1; 1021.46;   -0.9;   71.42;    0.8;   -3.2;   -4.5;eor
        662;20170213;   10;   7.7;   3.8;    3;   0.0;   0;    8.600;-999;   0.8;   4.2; 1025.13;   -1.1;   74.83;    4.1;   -5.1;   -7.6;eor
        662;20170214;   10;   7.7;   3.1;    3;   0.0;   0;    8.917;-999;   0.0;   4.5; 1023.60;   -0.2;   75.50;    6.4;   -5.7;   -7.9;eor
        662;20170215;   10;   6.4;   1.7;    3;   0.0;   0;    9.183;-999;   0.0;   5.3; 1023.23;    2.6;   74.29;   10.4;   -4.2;   -7.1;eor
        662;20170216;   10;   7.0;   3.1;    3;   0.0;   4;    4.883;-999;   5.4;   7.3; 1018.55;    6.1;   76.92;   10.6;    1.9;   -1.7;eor
        662;20170217;   10;   9.3;   3.5;    3;   1.3;   4;    0.000;-999;   7.9;   8.4; 1012.73;    5.3;   93.88;    6.5;    3.4;   -0.2;eor
        662;20170218;   10;   7.0;   2.9;    3;   0.0;   0;    0.000;-999;   7.0;   7.2; 1016.08;    3.9;   88.42;    4.9;    0.4;   -3.4;eor
        662;20170219;   10;   9.7;   4.0;    3;   0.7;   4;    0.267;-999;   6.6;   7.1; 1010.43;    4.1;   85.63;    6.3;    0.2;   -3.3;eor
        662;20170220;   10;  15.3;   5.8;    3;   2.3;   4;    0.000;-999;   7.9;   9.8; 1003.43;    7.7;   92.67;   10.1;    5.5;    4.1;eor
        662;20170221;   10;  16.2;   5.5;    3;   0.7;   4;    1.050;-999;   7.7;   8.9; 1000.77;    8.2;   81.63;   10.1;    4.0;    0.7;eor
        662;20170222;   10;  20.0;   7.2;    3;  10.3;   4;    0.000;-999;   7.6;   9.7;  992.46;    8.6;   85.83;   11.3;    5.9;    4.0;eor
        662;20170223;   10;  22.3;   5.8;    3;  10.6;   4;    0.017;-999;   7.5;   8.8;  984.61;    7.7;   83.63;    9.8;    5.4;    3.7;eor
        662;20170224;   10;  20.0;   7.1;    3;   0.2;   4;    3.717;-999;   5.3;   6.2;  996.13;    3.7;   79.08;    6.4;    1.1;   -1.3;eor
        662;20170225;   10;  11.0;   3.9;    3;   0.5;   4;    1.117;-999;   6.5;   6.2; 1008.05;    3.6;   79.33;    7.0;   -0.2;   -2.7;eor
        662;20170226;   10;  11.9;   3.9;    3;   0.0;   4;    0.350;-999;   7.9;   7.7; 1000.49;    8.5;   68.63;   10.3;    6.2;    4.4;eor
        662;20170227;   10;  11.7;   4.2;    3;   0.1;   4;    1.533;-999;   7.8;   8.3;  991.67;   11.1;   63.46;   14.1;    8.2;    6.5;eor
        662;20170228;   10;  16.7;   5.7;    3;   1.7;   4;    3.733;-999;   7.1;   6.7;  981.78;    7.1;   67.08;    9.9;    2.9;    1.8;eor
        662;20170301;   10;  13.6;   3.4;    3;   4.2;   4;    0.650;-999;   6.7;   7.3;  989.08;    3.8;   90.25;    6.2;    1.2;   -1.9;eor
        662;20170302;   10;  22.6;   6.1;    3;   5.2;   4;    0.050;-999;   7.3;   7.7;  994.03;    5.5;   84.79;    6.9;    3.8;    1.1;eor
        662;20170303;   10;   8.0;   3.1;    3;   0.0;   0;    5.817;-999;   7.3;   6.6;  999.33;    6.7;   68.29;   10.6;    2.2;   -1.1;eor
        662;20170304;   10;   8.4;   2.4;    3;   0.1;   4;    3.400;-999;   8.0;   8.0;  986.10;   10.0;   65.13;   16.9;    3.4;   -0.1;eor
        662;20170305;   10;  14.5;   3.9;    3;   0.2;   4;    1.433;-999;   7.4;   8.0;  989.41;    8.3;   72.58;   11.4;    4.7;   -0.1;eor
        662;20170306;   10;   8.9;   2.4;    3;   5.9;   4;    0.267;-999;   7.7;   8.2;  991.01;    5.8;   89.13;    8.2;    3.7;    1.7;eor
        662;20170307;   10;   8.1;   2.4;    3;   0.3;   4;    0.000;-999;   7.8;   7.0; 1003.33;    3.2;   91.00;    3.9;    2.2;    1.3;eor
        662;20170308;   10;  13.5;   3.4;    3;   5.2;   4;    1.067;-999;   7.8;   7.7; 1006.61;    5.3;   87.13;    9.1;    3.3;    0.8;eor
        662;20170309;   10;  16.2;   4.3;    3;   3.9;   4;    2.200;-999;   7.6;   8.8; 1006.08;    7.4;   85.46;   10.5;    5.2;    3.0;eor
        662;20170310;   10;  14.2;   5.2;    3;   0.0;   4;    6.067;-999;   5.8;   7.5; 1015.02;    6.6;   77.25;   10.0;    2.8;   -1.4;eor
        662;20170311;   10;   7.3;   2.2;    3;   0.0;   0;    6.017;-999;   6.0;   7.0; 1014.77;    5.8;   77.54;   11.3;    2.2;   -2.2;eor
        662;20170312;   10;  11.9;   4.4;    3;   0.0;   0;    6.833;-999;   6.3;   6.5; 1011.42;    4.6;   76.92;    8.3;   -0.1;   -4.0;eor
        662;20170313;   10;   6.3;   2.6;    3;   0.0;   0;    5.483;-999;   7.2;   6.4; 1015.09;    5.3;   72.88;   10.4;   -0.9;   -4.2;eor
        662;20170314;   10;  10.4;   3.8;    3;   0.0;   4;    2.550;-999;   7.8;   8.8; 1019.15;    8.9;   77.33;   13.1;    4.8;    1.3;eor
        662;20170315;   10;  11.5;   4.5;    3;   0.0;   0;    6.683;-999;   7.7;   8.3; 1019.46;    9.6;   70.00;   11.8;    6.2;    1.8;eor
        662;20170316;   10;   8.1;   3.0;    3;   0.0;   0;   11.050;-999;   5.0;   7.3; 1013.49;    8.4;   67.96;   14.2;    2.5;   -1.7;eor
        662;20170317;   10;  13.3;   5.0;    3;   4.3;   4;    1.183;-999;   6.7;   7.2; 1001.85;    8.4;   64.96;   10.0;    4.7;    2.9;eor
        662;20170318;   10;  21.2;   7.1;    3;   0.9;   4;    3.233;-999;   7.2;   7.8;  993.05;    6.9;   78.79;   11.3;    3.2;   -0.1;eor
        662;20170319;   10;  14.5;   4.6;    3;  13.4;   4;    0.000;-999;   7.6;   9.7;  996.07;    7.5;   91.54;   11.8;    3.2;   -0.7;eor
        662;20170320;   10;  13.5;   5.5;    3;   2.5;   4;    0.000;-999;   7.8;  11.0;  995.66;   11.1;   83.42;   12.8;    9.4;    7.6;eor
        662;20170321;   10;  16.0;   4.2;    3;   0.0;   4;    1.433;-999;   7.8;   8.2;  998.04;    8.9;   71.71;   12.3;    3.4;   -1.3;eor
        662;20170322;   10;   8.1;   3.3;    3;   0.0;   0;    7.917;-999;   7.9;   5.9; 1006.70;    6.3;   63.17;   11.2;    1.1;   -2.9;eor
        662;20170323;   10;   7.7;   3.7;    3;   0.0;   4;    0.000;-999;   7.8;   7.9; 1009.81;    6.4;   81.17;    8.2;    2.6;   -1.3;eor
        662;20170324;   10;   9.3;   2.6;    3;   0.0;   0;   11.550;-999;   3.9;   6.5; 1020.44;    6.3;   71.29;   12.4;   -1.0;   -4.1;eor
        662;20170325;   10;   6.7;   1.8;    3;   0.0;   0;   10.250;-999;   7.8;   6.2; 1019.66;    6.8;   66.67;   13.5;   -0.3;   -3.5;eor
        662;20170326;   10;   7.0;   1.7;    3;   0.0;   0;    7.583;-999;   7.8;   7.3; 1016.50;    6.6;   77.50;   12.7;    1.1;   -2.6;eor
        662;20170327;   10;   5.6;   1.5;    3;   0.0;   0;   11.933;-999;   0.4;   6.6; 1015.35;    9.8;   58.08;   18.0;    0.1;   -3.6;eor
        662;20170328;   10;   9.2;   2.7;    3;   0.0;   0;   11.967;-999;   1.3;   7.8; 1010.98;   12.5;   56.63;   20.0;    2.5;   -2.4;eor
        662;20170329;   10;  12.3;   4.3;    3;   0.2;   4;    0.333;-999;   6.8;  10.3; 1012.46;   12.1;   72.42;   14.1;    9.6;    4.3;eor
        662;20170330;   10;  10.5;   3.2;    3;   0.0;   4;    3.550;-999;   7.8;  11.7; 1014.15;   15.1;   69.29;   20.6;   11.4;    6.9;eor
        662;20170331;   10;  10.2;   3.3;    3;   0.0;   0;    9.517;-999;   7.9;   9.8; 1005.69;   16.6;   54.58;   23.4;   10.3;    6.5;eor
        662;20170401;   10;   8.9;   2.1;    3;   9.5;   4;    8.633;-999;   7.8;  11.9; 1002.28;   14.8;   72.38;   20.7;    8.0;    3.4;eor
        662;20170402;   10;   7.0;   2.7;    3;   0.0;   4;    4.633;-999;   6.1;  11.2; 1009.18;   12.1;   80.58;   15.9;    8.9;    4.0;eor
        662;20170403;   10;   6.4;   2.4;    3;   0.0;   4;    0.417;-999;   6.7;   8.9; 1016.89;    7.9;   83.88;   10.5;    4.9;    0.1;eor
        662;20170404;   10;   6.4;   1.7;    3;   0.0;   0;    2.417;-999;   6.6;   8.6; 1015.31;    9.0;   75.71;   12.8;    3.8;   -0.5;eor
        662;20170405;   10;  11.3;   4.3;    3;   0.3;   4;    3.500;-999;   6.1;   8.4; 1012.82;    8.7;   74.96;   12.7;    6.0;    2.4;eor
        662;20170406;   10;  12.8;   5.9;    3;   0.0;   0;    6.000;-999;   6.8;   7.5; 1013.85;    7.9;   71.67;   11.4;    4.6;    2.0;eor
        662;20170407;   10;  13.0;   5.9;    3;   0.1;   4;    0.017;-999;   7.7;   9.6; 1011.76;    9.6;   79.79;   12.8;    5.7;    3.5;eor
        662;20170408;   10;   6.9;   2.5;    3;   0.0;   4;    0.100;-999;   7.9;  10.4; 1014.42;   10.7;   80.96;   13.5;    7.6;    4.4;eor
        662;20170409;   10;   5.7;   1.7;    3;   0.0;   0;   11.033;-999;   3.0;  10.2; 1013.32;   13.1;   70.00;   20.3;    6.3;    2.8;eor
        662;20170410;   10;  14.7;   5.1;    3;   0.0;   4;    4.600;-999;   5.3;   8.9; 1008.06;   10.5;   69.54;   15.2;    5.8;    2.4;eor
        662;20170411;   10;  11.8;   4.7;    3;   0.5;   4;    1.850;-999;   7.5;   7.5; 1012.52;    7.9;   71.42;   10.9;    3.6;    1.4;eor
        662;20170412;   10;  13.9;   5.7;    3;   4.4;   4;    0.833;-999;   7.8;   9.2; 1003.17;    9.8;   76.33;   13.4;    7.6;    6.1;eor
        662;20170413;   10;  14.6;   4.8;    3;   2.0;   4;    1.100;-999;   7.3;   8.3; 1001.92;    8.4;   76.04;   11.4;    5.1;    2.0;eor
        662;20170414;   10;  10.1;   3.9;    3;   0.5;   4;    6.367;-999;   6.2;   7.9; 1004.99;    7.8;   75.17;   12.2;    3.0;    0.3;eor
        662;20170415;   10;  18.3;   5.4;    3;   1.0;   4;    2.533;-999;   7.1;   8.1; 1001.39;    8.4;   73.21;   12.1;    5.5;    2.7;eor
        662;20170416;   10;  13.6;   4.9;    3;   1.6;   4;    4.133;-999;   6.7;   7.5; 1005.83;    6.5;   77.75;   11.0;    4.8;    2.1;eor
        662;20170417;   10;  11.7;   3.3;    3;   0.9;   4;    5.433;-999;   7.0;   7.3; 1006.28;    5.6;   80.71;    9.4;    2.3;   -0.9;eor
        662;20170418;   10;  11.1;   4.3;    3;   0.8;   4;    0.233;-999;   7.7;   6.4; 1014.84;    3.3;   83.25;    6.5;   -0.7;   -4.0;eor
        662;20170419;   10;  10.2;   3.7;    3;   0.0;   4;    7.850;-999;   3.2;   4.9; 1024.69;    2.4;   69.08;    7.2;   -2.4;   -6.0;eor
        662;20170420;   10;   7.1;   1.5;    3;   0.0;   0;   11.150;-999;   6.4;   4.8; 1024.89;    4.3;   60.50;    9.7;   -3.4;   -7.1;eor
        662;20170421;   10;  15.6;   5.0;    3;   1.1;   4;    1.633;-999;   7.5;   8.2; 1015.78;    9.5;   67.67;   13.7;    3.9;   -0.2;eor
        662;20170422;   10;  16.7;   6.5;    3;   0.0;   4;    6.450;-999;   6.0;   7.2; 1010.97;    6.8;   73.38;   10.5;    4.7;    1.9;eor
        662;20170423;   10;  14.7;   5.5;    3;   0.0;   4;    3.067;-999;   7.5;   6.6; 1011.72;    5.8;   72.29;    9.2;    1.6;   -2.8;eor
        662;20170424;   10;  14.9;   4.4;    3;   1.1;   4;    5.283;-999;   7.4;   7.3; 1003.65;    8.1;   68.96;   14.4;    0.4;   -3.7;eor
        662;20170425;   10;  15.6;   4.4;    3;   0.1;   4;    6.583;-999;   7.4;   7.3;  996.16;    6.1;   77.83;   10.7;    2.0;   -1.7;eor
        662;20170426;   10;   8.7;   2.8;    3;   0.0;   0;   10.067;-999;   5.4;   6.0; 1001.85;    5.7;   68.04;   11.5;    0.3;   -3.7;eor
        662;20170427;   10;  10.0;   2.6;    3;   0.0;   0;   11.967;-999;   3.3;   5.6; 1004.86;    5.6;   65.13;   11.5;   -0.6;   -4.8;eor
        662;20170428;   10;  10.0;   2.7;    3;   0.5;   4;    7.750;-999;   5.2;   6.7; 1003.84;    6.9;   68.67;   12.2;   -0.7;   -4.9;eor
        662;20170429;   10;   9.8;   2.8;    3;   0.0;   0;    5.100;-999;   5.3;   6.8; 1007.75;    7.4;   68.08;   11.4;    3.0;   -2.1;eor
        662;20170430;   10;  14.8;   5.9;    3;   0.0;   0;   14.167;-999;   1.6;   6.2; 1007.09;    9.2;   56.63;   15.1;    0.3;   -3.8;eor
        662;20170501;   10;  12.6;   5.1;    3;   0.1;   4;    6.200;-999;   7.2;   8.0; 1003.40;   11.1;   61.21;   16.2;    4.7;    1.8;eor
        662;20170502;   10;  11.9;   5.1;    3;   5.4;   4;    0.000;-999;   7.8;   9.5; 1006.34;    9.1;   82.67;   11.8;    7.4;    3.9;eor
        662;20170503;   10;  10.5;   4.2;    3;   0.0;   0;    3.983;-999;   7.6;  10.7; 1011.20;   11.2;   81.29;   14.8;    7.1;    4.4;eor
        662;20170504;   10;   9.9;   4.5;    3;   1.9;   4;    0.000;-999;   7.6;   9.6; 1009.99;    7.7;   90.96;    8.8;    7.0;    4.8;eor
        662;20170505;   10;   6.0;   1.9;    3;   0.0;   4;    0.000;-999;   7.7;  10.3; 1010.45;    7.9;   96.67;    9.0;    6.4;    5.3;eor
        662;20170506;   10;   6.9;   2.8;    3;   0.0;   4;    0.700;-999;   7.7;  12.2; 1005.46;   11.2;   91.21;   15.1;    8.1;    5.7;eor
        662;20170507;   10;   6.8;   2.2;    3;   0.0;   4;    2.700;-999;   7.9;  12.1; 1003.43;   13.7;   77.83;   17.8;    8.8;    5.4;eor
        662;20170508;   10;  10.3;   4.6;    3;   0.4;   4;    0.900;-999;   7.8;   9.0; 1007.81;    8.1;   83.63;   11.3;    3.6;   -0.1;eor
        662;20170509;   10;   8.0;   2.1;    3;   0.0;   0;    4.317;-999;   7.5;   6.4; 1008.88;    7.1;   65.46;   11.2;    2.4;   -2.3;eor
        662;20170510;   10;  10.3;   3.0;    3;   0.0;   0;    7.650;-999;   7.5;   7.5; 1000.18;    7.7;   72.83;   13.2;    3.1;   -1.4;eor
        662;20170511;   10;   9.9;   3.8;    3;   0.6;   4;   11.500;-999;   4.6;   8.9;  993.58;   12.8;   62.46;   20.9;    2.3;   -2.4;eor
        662;20170512;   10;   7.1;   2.6;    3;   1.1;   4;    6.950;-999;   8.0;  13.3;  993.35;   16.1;   73.79;   22.1;   11.8;    9.8;eor
        662;20170513;   10;  12.3;   2.3;    3;  31.7;   4;    6.650;-999;   7.3;  14.9; 1000.98;   16.0;   83.96;   23.1;   11.6;    8.5;eor
        662;20170514;   10;  11.2;   1.9;    3;   6.9;   4;    6.983;-999;   6.6;  14.1; 1010.56;   15.6;   81.71;   21.7;   11.9;    9.4;eor
        662;20170515;   10;   9.0;   2.8;    3;   0.0;   0;   10.783;-999;   6.2;  11.4; 1018.46;   15.3;   67.79;   20.0;   11.1;    7.9;eor
        662;20170516;   10;   8.2;   2.9;    3;   0.0;   4;    1.050;-999;   7.9;  12.4; 1018.51;   17.0;   64.33;   21.8;   11.4;    7.1;eor
        662;20170517;   10;  11.8;   3.9;    3;   0.0;   0;   10.750;-999;   6.9;  15.1; 1011.23;   21.2;   61.25;   26.6;   15.5;   13.2;eor
        662;20170518;   10;  16.9;   2.8;    3;   8.5;   4;   10.633;-999;   7.6;  17.0; 1001.92;   20.1;   74.58;   27.9;   16.0;   13.3;eor
        662;20170519;   10;  12.3;   3.4;    3;  27.5;   4;    1.150;-999;   7.9;  17.0; 1000.63;   16.5;   90.29;   20.7;   11.0;    9.3;eor
        662;20170520;   10;   8.6;   3.0;    3;   0.0;   0;    9.233;-999;   6.3;  11.8; 1010.75;   14.3;   74.63;   18.5;   10.0;    5.3;eor
        662;20170521;   10;   5.4;   1.6;    3;   0.0;   0;   13.617;-999;   4.4;  10.5; 1016.57;   14.9;   65.13;   20.5;    8.0;    4.0;eor
        662;20170522;   10;   9.8;   2.6;    3;   0.0;   0;   14.567;-999;   5.8;  11.1; 1011.15;   15.9;   64.67;   21.9;    7.9;    4.1;eor
        662;20170523;   10;  13.6;   3.9;    3;   0.0;   0;    6.617;-999;   7.8;  12.5; 1006.77;   17.5;   63.46;   24.1;   10.8;    7.0;eor
        662;20170524;   10;  11.9;   4.7;    3;   0.0;   4;    6.683;-999;   6.8;  10.6; 1011.86;   13.6;   68.67;   17.4;    9.8;    7.2;eor
        662;20170525;   10;   9.6;   3.7;    3;   0.0;   0;    4.867;-999;   5.6;  13.0; 1012.94;   14.3;   80.50;   20.2;    9.9;    5.9;eor
        662;20170526;   10;   6.2;   2.6;    3;   0.0;   0;   10.267;-999;   3.1;  15.1; 1012.45;   17.8;   75.67;   25.0;   12.6;    9.6;eor
        662;20170527;   10;  11.3;   4.0;    3;   0.0;   0;   15.767;-999;   0.0;  13.6; 1011.49;   20.2;   60.75;   25.6;   11.8;    6.9;eor
        662;20170528;   10;   8.5;   2.9;    3;   0.0;   4;   12.283;-999;   5.5;  16.6; 1008.26;   21.7;   63.46;   27.0;   16.0;   12.7;eor
        662;20170529;   10;   8.3;   1.5;    3;   3.4;   4;   10.067;-999;   4.4;  18.8; 1003.82;   21.9;   72.33;   29.9;   14.6;   11.2;eor
        662;20170530;   10;  12.9;   3.1;    3;  10.6;   4;    6.833;-999;   5.2;  20.8; 1002.61;   20.7;   85.42;   26.1;   16.1;   13.5;eor
        662;20170531;   10;  12.1;   4.4;    3;   0.0;   0;   10.350;-999;   4.7;  13.5; 1010.02;   17.0;   70.63;   21.8;   10.1;    5.9;eor
        662;20170601;   10;   5.7;   2.1;    3;   0.0;   0;   15.650;-999;   4.2;  10.1; 1012.35;   14.8;   63.08;   21.8;    7.8;    4.0;eor
        662;20170602;   10;   5.1;   1.6;    3;   3.0;   4;   15.200;-999;   2.7;  11.1; 1008.28;   18.3;   55.96;   25.1;    8.2;    4.2;eor
        662;20170603;   10;   8.0;   2.7;    3;   7.1;   4;    3.917;-999;   7.9;  15.9; 1003.14;   18.0;   75.83;   22.8;   13.5;   10.5;eor
        662;20170604;   10;  12.7;   4.4;    3;   3.3;   4;    5.133;-999;   7.2;  14.6; 1002.53;   16.6;   78.58;   20.8;   12.0;    8.5;eor
        662;20170605;   10;   6.0;   2.0;    3;   0.0;   0;   13.300;-999;   6.3;  13.3; 1004.10;   16.1;   74.38;   21.3;   10.0;    6.3;eor
        662;20170606;   10;  16.4;   3.6;    3;   4.9;   4;    6.733;-999;   6.9;  13.8;  994.00;   15.9;   76.92;   22.7;   11.6;    8.2;eor
        662;20170607;   10;  16.7;   5.3;    3;   0.7;   4;    7.133;-999;   7.0;  10.8; 1000.35;   13.1;   71.96;   17.6;   10.0;    7.5;eor
        662;20170608;   10;   9.1;   3.3;    3;   0.2;   4;    0.850;-999;   7.7;  12.8; 1006.41;   15.4;   73.46;   20.5;   12.0;    8.9;eor
        662;20170609;   10;  18.7;   3.5;    3;   5.0;   4;    6.350;-999;   7.2;  14.5; 1002.95;   17.5;   74.63;   25.5;   12.1;    9.0;eor
        662;20170610;   10;   9.1;   2.9;    3;   0.0;   0;    9.517;-999;   4.0;  13.6; 1010.00;   17.1;   71.50;   21.7;   11.0;    7.7;eor
        662;20170611;   10;   7.6;   2.5;    3;   0.4;   4;    9.067;-999;   5.9;  16.9; 1006.71;   20.6;   70.88;   26.7;   13.3;    9.1;eor
        662;20170612;   10;  14.8;   5.1;    3;   0.0;   4;    5.350;-999;   6.7;  13.6; 1003.62;   17.5;   67.38;   19.4;   14.8;   12.9;eor
        662;20170613;   10;  10.7;   4.1;    3;   0.0;   4;    2.783;-999;   6.5;  12.6; 1007.70;   15.9;   69.83;   19.3;   12.2;    7.4;eor
        662;20170614;   10;   5.6;   2.1;    3;   0.0;   0;   14.883;-999;   4.1;  12.6; 1009.97;   16.6;   68.67;   22.6;   10.3;    5.4;eor
        662;20170615;   10;  10.3;   2.4;    3;   9.1;   4;   11.600;-999;   7.3;  15.4; 1005.44;   19.9;   68.79;   26.9;   10.9;    7.0;eor
        662;20170616;   10;  16.1;   5.3;    3;   0.2;   4;    2.483;-999;   6.2;  14.2; 1007.04;   16.6;   75.88;   20.2;   13.0;   10.4;eor
        662;20170617;   10;  12.5;   5.3;    3;   0.0;   0;    7.483;-999;   5.8;  13.8; 1013.52;   16.2;   75.50;   21.4;   12.3;   10.0;eor
        662;20170618;   10;   6.7;   1.7;    3;   0.0;   0;   10.317;-999;   4.3;  17.4; 1015.25;   19.6;   77.92;   26.1;   14.2;   10.0;eor
        662;20170619;   10;   5.9;   1.4;    3;   0.0;   0;   15.900;-999;   0.3;  17.9; 1011.09;   22.5;   68.50;   29.2;   14.4;   11.5;eor
        662;20170620;   10;   9.0;   3.0;    3;   0.0;   0;   13.117;-999;   6.3;  18.1; 1007.58;   21.5;   71.50;   27.3;   13.4;    8.9;eor
        662;20170621;   10;   5.3;   1.5;    3;   0.0;   0;   15.717;-999;   5.1;  11.6; 1008.66;   17.4;   61.67;   24.6;   10.8;    7.2;eor
        662;20170622;   10;  20.0;   3.6;    3;  35.3;   4;   10.083;-999;   6.3;  18.4; 1001.13;   20.4;   77.63;   31.5;   14.0;   11.0;eor
        662;20170623;   10;  11.8;   4.9;    3;   0.0;   0;    4.900;-999;   7.8;  16.7; 1002.57;   20.0;   72.42;   24.1;   17.0;   15.2;eor
        662;20170624;   10;  12.3;   4.3;    3;   0.0;   4;    0.817;-999;   8.0;  15.7; 1003.49;   18.4;   74.00;   20.4;   16.5;   14.9;eor
        662;20170625;   10;  12.3;   4.2;    3;   9.4;   4;    0.467;-999;   7.7;  17.5; 1000.71;   17.1;   89.33;   19.4;   14.9;   13.4;eor
        662;20170626;   10;  11.2;   3.2;    3;   0.0;   4;    5.950;-999;   5.7;  14.1; 1002.35;   16.2;   78.04;   20.8;   11.5;    7.2;eor
        662;20170627;   10;   7.2;   2.5;    3;   0.0;   4;    6.150;-999;   7.2;  13.8; 1001.60;   16.0;   76.54;   21.6;    8.9;    5.5;eor
        662;20170628;   10;  12.5;   3.2;    3;   8.7;   4;    6.150;-999;   6.5;  17.8;  990.25;   18.6;   82.50;   23.6;   13.7;   10.6;eor
        662;20170629;   10;  12.1;   3.3;    3;  14.7;   4;    4.217;-999;   7.7;  17.6;  986.83;   17.4;   88.71;   22.3;   12.6;   10.3;eor
        662;20170630;   10;  14.0;   4.4;    3;  13.3;   4;    0.983;-999;   7.7;  16.2;  992.36;   16.6;   86.58;   20.6;   14.2;   13.0;eor
        662;20170701;   10;  11.9;   3.5;    3;   3.6;   4;    0.000;-999;   7.5;  16.5;  997.38;   15.4;   93.83;   16.4;   13.8;   12.2;eor
        662;20170702;   10;  10.5;   4.1;    3;   1.8;   4;    4.900;-999;   6.0;  14.7; 1006.56;   15.6;   82.96;   19.5;   12.6;    9.4;eor
        662;20170703;   10;  14.4;   3.5;    3;   2.0;   4;   10.950;-999;   5.6;  12.9; 1010.15;   16.7;   69.42;   22.4;   10.8;    7.9;eor
        662;20170704;   10;  10.0;   3.5;    3;   0.2;   4;   10.533;-999;   5.7;  12.9; 1010.14;   16.2;   71.88;   20.2;   12.9;    9.3;eor
        662;20170705;   10;   6.5;   1.7;    3;   0.1;   4;    5.867;-999;   7.3;  14.6; 1009.35;   16.6;   78.13;   21.6;   12.8;   10.9;eor
        662;20170706;   10;   4.6;   1.3;    3;   0.0;   4;    9.800;-999;   6.5;  16.0; 1008.55;   20.0;   70.54;   26.3;   13.2;   10.2;eor
        662;20170707;   10;   9.4;   3.2;    3;   2.6;   4;    8.200;-999;   7.2;  18.2; 1003.87;   22.4;   68.46;   27.5;   17.9;   15.3;eor
        662;20170708;   10;   8.4;   3.0;    3;   0.3;   4;    5.450;-999;   7.4;  17.9; 1006.05;   19.7;   79.13;   24.7;   15.9;   13.3;eor
        662;20170709;   10;   6.8;   2.3;    3;   0.0;   4;    4.883;-999;   7.3;  15.6; 1004.97;   17.8;   76.96;   23.3;   13.7;   11.3;eor
        662;20170710;   10;   6.7;   2.0;    3;   5.6;   4;    0.100;-999;   7.9;  17.4;  998.68;   17.3;   87.38;   19.8;   14.3;   11.6;eor
        662;20170711;   10;  12.5;   3.5;    3;   1.1;   4;    8.917;-999;   7.5;  15.9; 1000.67;   18.7;   75.29;   22.8;   14.1;   11.6;eor
        662;20170712;   10;  15.4;   3.5;    3;   8.8;   4;    0.000;-999;   7.4;  15.6; 1000.19;   15.5;   88.13;   17.7;   11.7;    9.6;eor
        662;20170713;   10;   9.7;   3.4;    3;   0.0;   0;    3.500;-999;   7.4;  11.5; 1010.95;   14.5;   70.50;   18.8;   10.9;    8.5;eor
        662;20170714;   10;   8.6;   2.0;    3;   1.6;   4;    7.550;-999;   7.2;  12.1; 1006.37;   16.3;   68.42;   22.0;   11.4;    9.0;eor
        662;20170715;   10;  10.9;   2.6;    3;   0.0;   0;    3.317;-999;   7.6;  13.8; 1010.81;   15.7;   78.33;   21.4;   11.9;   10.1;eor
        662;20170716;   10;   8.8;   3.3;    3;   1.3;   4;    0.267;-999;   7.7;  15.4; 1012.23;   17.8;   75.88;   21.2;   12.5;    9.4;eor
        662;20170717;   10;   7.9;   2.4;    3;   0.0;   4;    8.383;-999;   5.3;  14.9; 1012.10;   17.9;   74.13;   22.3;   11.8;    8.1;eor
        662;20170718;   10;   7.2;   2.4;    3;   0.0;   0;   14.967;-999;   5.1;  13.8; 1011.32;   18.3;   67.71;   24.3;    9.5;    6.6;eor
        662;20170719;   10;  17.0;   3.7;    3;  18.8;   4;   13.150;-999;   5.3;  16.5; 1003.82;   21.5;   67.33;   30.5;   12.2;    8.9;eor
        662;20170720;   10;   9.1;   2.2;    3;   0.7;   4;    4.867;-999;   6.7;  19.6; 1000.14;   20.2;   83.33;   24.8;   16.5;   14.1;eor
        662;20170721;   10;  10.5;   2.8;    3;   5.7;   4;   12.283;-999;   3.9;  15.2; 1004.48;   20.0;   66.08;   24.4;   16.0;   13.6;eor
        662;20170722;   10;   6.8;   2.0;    3;  11.9;   4;    3.483;-999;   6.1;  18.4; 1003.42;   19.0;   83.79;   23.5;   16.1;   13.5;eor
        662;20170723;   10;  13.0;   3.8;    3;   0.0;   4;    6.283;-999;   6.3;  14.8; 1002.73;   18.8;   69.38;   22.4;   14.7;   10.7;eor
        662;20170724;   10;   8.9;   2.8;    3;  12.8;   4;    1.950;-999;   7.8;  14.9;  999.21;   15.9;   82.54;   20.1;   13.5;   11.0;eor
        662;20170725;   10;  11.8;   4.0;    3;  55.0;   4;    0.000;-999;   7.5;  15.6;  994.68;   14.8;   92.92;   16.9;   13.1;   11.8;eor
        662;20170726;   10;  12.3;   5.1;    3;   2.5;   4;    2.117;-999;   7.2;  15.5;  996.01;   16.6;   83.00;   21.7;   13.2;   11.9;eor
        662;20170727;   10;   9.2;   3.2;    3;   0.0;   4;    2.200;-999;   7.3;  15.3;  997.10;   18.2;   74.67;   23.4;   14.2;   10.3;eor
        662;20170728;   10;  14.6;   3.9;    3;   0.2;   4;    5.667;-999;   6.2;  13.3; 1001.22;   17.1;   69.08;   21.9;   12.5;    9.3;eor
        662;20170729;   10;  11.5;   3.7;    3;   0.4;   4;    3.883;-999;   7.3;  15.6; 1002.63;   20.4;   65.42;   25.0;   16.3;   14.1;eor
        662;20170730;   10;  14.8;   3.9;    3;   0.0;   4;    8.433;-999;   6.7;  17.3;  999.15;   23.4;   61.83;   29.2;   16.9;   13.5;eor
        662;20170731;   10;   8.3;   2.2;    3;   1.7;   4;    9.700;-999;   6.5;  15.4; 1004.35;   21.0;   64.42;   27.1;   14.7;   11.6;eor
        662;20170801;   10;   9.1;   2.7;    3;   0.0;   4;    2.550;-999;   8.0;  19.0; 1005.31;   20.6;   78.63;   25.4;   15.7;   14.3;eor
        662;20170802;   10;   9.5;   2.2;    3;   0.8;   4;    3.867;-999;   7.7;  16.7; 1007.57;   20.7;   70.00;   25.8;   16.1;   13.8;eor
        662;20170803;   10;  14.5;   3.8;    3;   0.2;   4;    4.600;-999;   5.8;  18.0; 1001.31;   21.3;   72.13;   26.9;   17.6;   14.3;eor
        662;20170804;   10;  13.9;   4.8;    3;   0.0;   0;    3.083;-999;   7.5;  13.6; 1001.78;   20.1;   58.25;   23.0;   16.8;   13.5;eor
        662;20170805;   10;   7.1;   2.5;    3;   8.9;   4;    1.133;-999;   6.8;  15.4; 1004.60;   16.5;   81.92;   19.0;   13.7;   10.3;eor
        662;20170806;   10;   9.8;   3.3;    3;   0.0;   0;   12.533;-999;   2.5;  12.3; 1011.91;   16.4;   68.29;   21.6;   11.4;    7.6;eor
        662;20170807;   10;   6.6;   1.8;    3;   0.0;   0;   11.900;-999;   4.2;  12.2; 1010.26;   18.0;   61.58;   24.5;   10.5;    7.0;eor
        662;20170808;   10;   9.6;   2.8;    3;   0.5;   6;    4.617;-999;   7.7;  14.7; 1001.98;   19.5;   65.21;   25.8;   13.3;    8.9;eor
        662;20170809;   10;   9.5;   2.6;    3;   0.4;   6;    7.467;-999;   5.6;  14.0; 1006.05;   18.3;   67.42;   23.1;   12.7;    8.5;eor
        662;20170810;   10;   6.7;   2.4;    3;  12.2;   6;    0.083;-999;   7.9;  15.1; 1009.55;   16.1;   82.54;   18.6;   12.4;    9.4;eor
        662;20170811;   10;  11.7;   4.5;    3;  29.1;   6;    0.000;-999;   7.5;  15.5; 1004.60;   14.4;   93.96;   16.3;   12.7;   11.4;eor
        662;20170812;   10;  12.2;   4.3;    3;   0.2;   6;    0.333;-999;   7.3;  14.4; 1004.47;   14.5;   86.75;   16.9;   11.8;   10.4;eor
        662;20170813;   10;   8.7;   2.7;    3;   0.2;   6;    5.733;-999;   5.5;  15.0; 1009.91;   16.4;   81.25;   21.1;   11.2;    7.4;eor
        662;20170814;   10;   8.3;   2.5;    3;   0.0;   0;   10.350;-999;   5.4;  13.6; 1012.31;   17.5;   70.63;   23.9;    9.5;    6.7;eor
        662;20170815;   10;  11.5;   3.1;    3;   0.3;   6;    8.133;-999;   6.4;  16.2; 1006.87;   22.2;   61.13;   28.2;   17.0;   14.5;eor
        662;20170816;   10;   6.6;   2.1;    3;   0.0;   6;    4.867;-999;   7.5;  16.7; 1010.65;   18.9;   77.38;   23.4;   14.6;   11.0;eor
        662;20170817;   10;   7.7;   2.3;    3;   1.6;   6;    3.050;-999;   6.5;  18.0; 1007.02;   19.8;   78.92;   25.5;   14.7;   11.2;eor
        662;20170818;   10;  10.6;   1.9;    3;  11.8;   6;    1.300;-999;   7.6;  18.2; 1003.24;   17.7;   89.33;   20.5;   15.3;   13.1;eor
        662;20170819;   10;  11.4;   4.5;    3;   0.1;   6;    7.917;-999;   3.9;  13.0; 1006.01;   16.0;   72.08;   19.8;   12.0;    8.7;eor
        662;20170820;   10;  14.7;   4.1;    3;   2.4;   6;    6.233;-999;   4.9;  12.8; 1010.87;   14.6;   78.54;   19.4;   11.6;    8.9;eor
        662;20170821;   10;   9.1;   3.3;    3;   0.0;   6;    3.800;-999;   5.7;  13.3; 1012.63;   14.8;   79.79;   18.8;   10.9;    8.5;eor
        662;20170822;   10;   7.1;   2.2;    3;   0.0;   0;    7.867;-999;   4.2;  12.2; 1012.00;   14.2;   77.38;   19.1;    9.2;    5.4;eor
        662;20170823;   10;   6.3;   1.7;    3;   0.3;   6;   12.767;-999;   3.3;  11.0; 1008.82;   15.3;   67.13;   22.6;    6.9;    3.4;eor
        662;20170824;   10;   9.2;   3.2;    3;   5.3;   8;    3.933;-999;   7.5;  15.5; 1005.41;   18.0;   74.54;   22.9;   13.0;   11.5;eor
        662;20170825;   10;   7.9;   2.3;    3;   0.0;   0;    7.867;-999;   7.9;  14.6; 1008.79;   17.4;   75.38;   21.9;   13.4;   10.1;eor
        662;20170826;   10;   5.1;   1.5;    3;  12.7;   6;    2.150;-999;   7.6;  17.3; 1005.92;   18.4;   81.63;   23.9;   12.5;    9.8;eor
        662;20170827;   10;   9.2;   2.9;    3;   0.0;   0;    6.300;-999;   5.5;  15.3; 1008.09;   17.0;   79.83;   21.3;   12.0;    8.0;eor
        662;20170828;   10;   4.3;   1.3;    3;   0.0;   0;   12.633;-999;   1.3;  13.3; 1010.57;   16.4;   73.71;   23.7;    9.5;    6.2;eor
        662;20170829;   10;   6.4;   2.6;    3;   0.0;   0;   12.450;-999;   0.8;  15.8; 1005.54;   20.5;   66.17;   28.1;   12.3;    8.8;eor
        662;20170830;   10;   8.3;   2.9;    3;   0.0;   6;    9.050;-999;   4.3;  18.9;  999.09;   24.0;   64.13;   29.9;   17.3;   13.6;eor
        662;20170831;   10;  11.8;   3.4;    3;   1.7;   6;    0.383;-999;   7.7;  16.7; 1003.69;   17.6;   82.17;   21.2;   11.8;    7.7;eor
        662;20170901;   10;   4.4;   1.2;    3;   0.0;   0;    7.467;-999;   6.7;  12.3; 1010.72;   14.2;   78.00;   19.1;    9.9;    6.2;eor
        662;20170902;   10;   7.1;   1.6;    3;   0.4;   6;    3.583;-999;   3.9;  12.2; 1009.48;   12.8;   83.58;   18.7;    8.7;    4.8;eor
        662;20170903;   10;   5.8;   1.6;    3;   0.0;   0;   10.517;-999;   1.6;  11.4; 1007.27;   13.3;   77.00;   19.9;    7.6;    4.0;eor
        662;20170904;   10;   7.5;   1.6;    3;   0.0;   0;   11.017;-999;   1.2;  11.5; 1006.74;   14.1;   74.67;   20.9;    6.7;    3.5;eor
        662;20170905;   10;   6.8;   2.3;    3;   0.4;   6;    7.617;-999;   5.9;  14.5; 1007.87;   16.6;   76.63;   22.7;    9.0;    5.0;eor
        662;20170906;   10;  17.7;   4.2;    3;   4.9;   6;    0.950;-999;   7.4;  15.7; 1002.69;   16.3;   83.54;   19.7;   12.6;   10.4;eor
        662;20170907;   10;  11.1;   4.0;    3;   1.7;   6;    1.517;-999;   7.5;  13.1; 1003.25;   13.7;   83.50;   18.2;   11.9;    9.5;eor
        662;20170908;   10;  14.2;   4.0;    3;   0.8;   6;    0.000;-999;   7.8;  13.4;  994.83;   15.0;   78.58;   16.9;   13.3;   11.2;eor
        662;20170909;   10;  12.5;   3.8;    3;   0.3;   6;    0.633;-999;   7.6;  13.7;  988.23;   15.5;   77.75;   17.8;   11.8;    8.7;eor
        662;20170910;   10;  10.4;   3.3;    3;   0.0;   6;    9.383;-999;   5.1;  12.1;  993.88;   14.2;   75.63;   18.8;   10.8;    7.9;eor
        662;20170911;   10;  13.3;   4.7;    3;   0.1;   6;    4.117;-999;   6.3;  11.5;  988.77;   15.3;   66.17;   18.6;   13.4;   10.9;eor
        662;20170912;   10;  13.5;   4.8;    3;   1.8;   6;    4.883;-999;   6.0;  11.5;  994.59;   14.0;   72.29;   18.0;   10.6;    7.8;eor
        662;20170913;   10;  20.9;   6.6;    3;   1.6;   6;    6.200;-999;   5.2;  11.2;  989.59;   14.3;   70.29;   19.0;   10.9;    8.5;eor
        662;20170914;   10;  17.6;   4.9;    3;   2.8;   6;    2.667;-999;   6.2;  11.1;  990.54;   12.1;   78.79;   15.1;    9.9;    8.1;eor
        662;20170915;   10;  11.9;   3.7;    3;   1.7;   6;    3.800;-999;   5.1;  11.4; 1000.57;   12.2;   80.79;   16.6;    8.6;    5.1;eor
        662;20170916;   10;   8.1;   2.7;    3;   0.0;   0;   10.550;-999;   2.7;  10.4; 1001.70;   11.5;   78.25;   16.6;    7.2;    3.7;eor
        662;20170917;   10;   9.2;   1.7;    3;   0.6;   6;    1.883;-999;   6.5;  10.5; 1003.66;   10.5;   82.79;   16.6;    5.8;    2.4;eor
        662;20170918;   10;   5.9;   2.4;    3;   3.7;   6;    4.500;-999;   5.3;  10.9; 1004.82;   10.4;   86.63;   15.6;    6.1;    2.5;eor
        662;20170919;   10;   6.0;   2.4;    3;   0.0;   6;    2.350;-999;   7.1;  11.6; 1007.08;   11.4;   86.21;   15.4;    8.4;    5.0;eor
        662;20170920;   10;   8.6;   3.0;    3;   0.1;   6;    1.183;-999;   7.8;  11.9; 1009.89;   12.2;   83.79;   15.0;   10.2;    6.9;eor
        662;20170921;   10;   4.6;   1.8;    3;   0.0;   0;    6.683;-999;   5.5;  11.9; 1011.48;   13.0;   81.17;   18.7;    8.8;    5.5;eor
        662;20170922;   10;   3.3;   0.8;    3;   0.0;   6;    0.950;-999;   7.4;  12.1; 1011.26;   12.3;   86.13;   18.4;    6.9;    3.7;eor
        662;20170923;   10;   3.4;   1.0;    3;   0.0;   6;    3.000;-999;   7.6;  13.0; 1013.38;   13.1;   86.79;   18.7;    7.5;    5.1;eor
        662;20170924;   10;   4.9;   1.8;    3;   2.2;   6;    0.000;-999;   7.8;  14.3; 1013.26;   13.2;   94.13;   15.5;   11.2;    9.3;eor
        662;20170925;   10;   7.5;   2.6;    3;   2.1;   6;    1.117;-999;   7.6;  14.8; 1012.70;   14.1;   91.96;   17.5;   12.6;    9.9;eor
        662;20170926;   10;  16.2;   2.8;    3;  20.1;   8;    0.583;-999;   7.8;  14.3; 1014.32;   14.0;   89.75;   17.0;    9.4;    7.8;eor
        662;20170927;   10;   6.8;   2.5;    3;   0.0;   6;    0.933;-999;   7.1;  14.7; 1015.38;   14.3;   90.08;   17.8;   12.2;    8.8;eor
        662;20170928;   10;   5.5;   1.9;    3;   0.2;   6;    0.000;-999;   7.5;  15.6; 1014.95;   14.6;   93.50;   16.6;   10.7;    7.4;eor
        662;20170929;   10;   5.2;   2.4;    3;   1.5;   6;    6.100;-999;   7.3;  16.6; 1012.13;   17.4;   84.38;   22.6;   14.2;   12.4;eor
        662;20170930;   10;   9.6;   3.2;    3;   6.3;   6;    0.083;-999;   7.9;  15.7; 1006.79;   15.6;   88.83;   18.5;   12.0;   10.8;eor
        662;20171001;   10;   6.0;   2.4;    3;   0.0;   6;    8.067;-999;   3.8;  11.8; 1010.71;   12.6;   82.00;   17.0;    9.4;    6.3;eor
        662;20171002;   10;  11.7;   3.8;    3;   4.0;   6;    0.567;-999;   7.8;  12.6; 1002.78;   13.2;   82.42;   15.7;    9.5;    6.2;eor
        662;20171003;   10;  13.6;   4.6;    3;   0.8;   6;    4.367;-999;   6.4;  11.7; 1005.45;   12.6;   80.17;   15.8;   10.2;    7.5;eor
        662;20171004;   10;  14.2;   5.9;    3;   2.5;   6;    0.267;-999;   8.0;  10.3; 1007.73;   12.0;   73.75;   13.4;   10.5;    8.6;eor
        662;20171005;   10;  28.6;   7.2;    3;   7.9;   6;    1.567;-999;   7.1;  11.0;  996.00;   11.4;   81.46;   16.2;    9.8;    7.5;eor
        662;20171006;   10;  15.0;   6.0;    3;   1.8;   6;    1.267;-999;   7.0;  10.9; 1003.24;   10.9;   83.42;   12.5;    9.6;    7.5;eor
        662;20171007;   10;  11.8;   5.4;    3;   8.2;   6;    0.017;-999;   7.7;  11.2; 1003.83;   10.5;   88.04;   11.3;    9.6;    7.8;eor
        662;20171008;   10;  10.2;   4.2;    3;   0.5;   6;    5.967;-999;   5.1;  10.7; 1003.49;   11.2;   80.58;   14.6;    7.4;    4.8;eor
        662;20171009;   10;   9.2;   3.5;    3;   1.5;   6;    2.383;-999;   8.0;  10.5; 1007.74;   10.6;   81.88;   13.4;    7.9;    6.2;eor
        662;20171010;   10;   9.3;   3.7;    3;   1.0;   6;    0.033;-999;   7.8;  13.3; 1004.32;   12.5;   91.67;   14.3;   10.8;    9.5;eor
        662;20171011;   10;  12.9;   4.5;    3;   0.6;   6;    0.133;-999;   7.9;  12.9; 1004.75;   14.3;   79.46;   16.2;   12.8;   10.1;eor
        662;20171012;   10;  17.3;   5.3;    3;   0.0;   0;    5.217;   0;   7.3;  11.2; 1007.48;   13.3;   73.38;   15.4;   10.4;    7.5;eor
        662;20171013;   10;   9.2;   3.3;    3;   0.0;   0;    3.983;   0;   7.5;  12.1; 1014.22;   12.9;   81.38;   16.7;   10.0;    7.5;eor
        662;20171014;   10;  11.0;   3.5;    3;   0.0;   0;    9.317;   0;   2.8;  15.1; 1015.57;   16.3;   82.17;   20.7;   13.8;    9.7;eor
        662;20171015;   10;   6.1;   2.4;    3;   0.0;   0;   10.117;   0;   0.0;  14.8; 1014.48;   16.5;   80.00;   22.9;   11.9;    7.4;eor
        662;20171016;   10;   8.8;   3.2;    3;   0.0;   0;    9.367;   0;   0.6;  14.8; 1012.41;   17.3;   75.21;   22.4;   13.4;    9.0;eor
        662;20171017;   10;   6.0;   2.2;    3;   0.0;   0;    2.167;   0;   2.5;  14.0; 1010.69;   15.4;   80.79;   18.1;   10.7;    6.6;eor
        662;20171018;   10;   4.8;   1.4;    3;   0.0;   0;    4.733;   0;   5.8;  13.4; 1005.63;   12.2;   94.25;   17.4;    8.3;    5.3;eor
        662;20171019;   10;   5.1;   1.9;    3;   0.0;   0;    7.250;   0;   7.0;  12.8; 1003.27;   12.9;   86.54;   20.8;    6.7;    3.5;eor
        662;20171020;   10;  13.0;   2.2;    3;   3.7;   6;    0.817;   0;   6.5;  12.4; 1002.00;   12.9;   83.13;   17.8;    8.1;    5.0;eor
        662;20171021;   10;   7.1;   2.4;    3;   3.0;   6;    0.517;   0;   7.8;  12.1; 1003.20;   12.4;   83.75;   15.3;   10.4;    7.6;eor
        662;20171022;   10;  11.4;   3.7;    3;   0.8;   6;    1.300;   0;   6.9;  10.6; 1001.52;   10.7;   82.42;   12.5;    9.7;    6.8;eor
        662;20171023;   10;  10.3;   4.3;    3;   2.7;   6;    0.050;   0;   7.9;  11.1; 1006.10;   10.4;   87.38;   12.2;    9.1;    7.8;eor
        662;20171024;   10;  11.1;   3.5;    3;   0.4;   6;    0.000;   0;   7.9;  12.5; 1011.13;   12.2;   87.75;   14.6;    9.4;    6.7;eor
        662;20171025;   10;  15.2;   4.4;    3;   0.3;   6;    0.883;   0;   7.5;  14.3; 1009.65;   14.8;   85.50;   17.7;   11.8;    8.8;eor
        662;20171026;   10;  10.1;   3.3;    3;   0.5;   6;    0.233;   0;   7.8;  12.5; 1012.30;   12.8;   84.46;   15.0;   10.7;    8.2;eor
        662;20171027;   10;  13.6;   5.6;    3;   1.2;   6;    2.033;   0;   7.5;  10.8; 1011.75;   10.8;   83.17;   12.3;    9.4;    7.2;eor
        662;20171028;   10;  16.7;   7.1;    3;   3.5;   6;    0.000;   0;   7.9;  10.1; 1003.22;   10.2;   80.54;   12.6;    9.0;    7.1;eor
        662;20171029;   10;  27.1;   9.3;    3;   0.3;   6;    3.533;   0;   5.9;   8.7;  994.95;    9.3;   73.42;   12.7;    6.6;    4.1;eor
        662;20171030;   10;  12.8;   5.2;    3;   0.3;   6;    7.400;   0;   3.8;   7.7; 1011.62;    7.1;   76.50;   10.0;    4.6;    2.2;eor
        662;20171031;   10;   9.5;   3.9;    3;   2.6;   6;    0.500;   0;   7.8;   8.9; 1014.14;    7.7;   84.29;    9.2;    5.8;    4.2;eor
        662;20171101;    3;   9.5;   4.6;    3;   1.0;   6;    0.000;   0;   7.8;  11.2; 1008.81;    9.9;   91.42;   11.8;    7.9;    6.7;eor
        662;20171102;    3;   9.6;   3.5;    3;   0.0;   6;    0.133;   0;   7.3;  10.5; 1002.37;   10.1;   85.13;   11.5;    8.2;    5.0;eor
        662;20171103;    3;   5.7;   2.1;    3;   0.0;   0;    2.883;   0;   6.7;  10.1; 1006.61;    8.9;   88.13;   11.4;    5.6;    0.6;eor
        662;20171104;    3;  11.9;   3.0;    3;   0.0;   6;    1.883;   0;   7.5;   9.8;  999.42;    9.3;   83.42;   13.0;    4.5;    1.5;eor
        662;20171105;    3;   9.7;   3.0;    3;  11.2;   6;    0.000;   0;   7.5;  10.7;  997.87;    9.5;   89.00;   12.9;    5.3;    2.5;eor
        662;20171106;    3;   6.1;   2.5;    3;   0.0;   0;    3.750;   0;   3.6;   7.7; 1012.22;    4.6;   90.50;    7.7;   -0.6;   -2.7;eor
        662;20171107;    3;   6.3;   2.6;    3;   0.0;   6;    0.000;   0;   7.9;   7.8; 1014.24;    4.0;   94.79;    6.4;   -0.1;   -0.8;eor
        662;20171108;    3;   8.7;   2.5;    3;   0.0;   0;    0.000;   0;   7.9;   8.9; 1010.01;    7.3;   87.50;    8.0;    6.4;    5.0;eor
        662;20171109;    3;   9.6;   2.6;    3;   1.0;   6;    0.283;   0;   7.8;   8.8; 1011.08;    7.2;   86.71;    8.9;    6.0;    2.9;eor
        662;20171110;    3;  17.5;   5.2;    3;   6.6;   8;    0.000;   0;   7.2;   8.7; 1001.97;    6.7;   88.25;    8.4;    4.6;    2.3;eor
        662;20171111;    3;  11.5;   4.5;    3;   3.6;   6;    0.283;   0;   7.0;   7.5;  997.12;    4.9;   86.08;    7.0;    3.4;    0.8;eor
        662;20171112;    3;   7.1;   2.8;    3;   2.1;   6;    0.417;   0;   6.4;   7.2;  992.95;    3.9;   89.46;    6.2;    2.5;   -0.1;eor
        662;20171113;    3;   7.1;   3.0;    3;   0.0;   0;    2.650;   0;   5.8;   7.6; 1003.91;    4.4;   90.21;    6.5;    2.3;   -1.7;eor
        662;20171114;    3;  10.7;   3.9;    3;   0.1;   6;    1.117;   0;   5.8;   7.6; 1012.24;    4.9;   87.75;    8.0;    1.4;   -1.4;eor
        662;20171115;    3;   6.9;   3.4;    3;   1.0;   6;    0.250;   0;   7.8;   9.5; 1015.22;    7.8;   89.83;    9.4;    6.3;    4.9;eor
        662;20171116;    3;   7.2;   2.8;    3;   0.4;   6;    0.250;   0;   7.9;   8.6; 1013.67;    6.8;   86.75;    7.7;    5.6;    1.9;eor
        662;20171117;    3;   6.2;   2.5;    3;   0.0;   0;    2.617;   0;   6.2;   8.3; 1014.81;    5.4;   91.13;    8.2;    2.1;   -1.5;eor
        662;20171118;    3;  16.2;   5.2;    3;   2.6;   6;    0.017;   0;   7.0;   6.7; 1005.73;    4.2;   81.29;    6.7;    2.3;   -0.4;eor
        662;20171119;    3;  16.3;   6.5;    3;   9.4;   6;    0.233;   0;   6.5;   7.3; 1000.96;    4.8;   85.21;    6.4;    2.9;    0.4;eor
        662;20171120;    3;  11.5;   4.0;    3;   8.2;   6;    0.000;   0;   7.6;   7.5; 1004.68;    4.4;   89.58;    5.5;    3.4;    1.5;eor
        662;20171121;    3;  10.6;   2.7;    3;  10.1;   6;    0.000;   0;   7.6;  10.7;  998.92;    8.5;   95.71;   10.7;    4.2;    3.2;eor
        662;20171122;    3;  11.5;   4.6;    3;   0.0;   6;    0.767;   0;   6.1;   9.3;  997.13;    9.5;   78.38;   10.7;    7.5;    2.0;eor
        662;20171123;    3;  15.6;   5.0;    3;   0.2;   6;    2.283;   0;   6.5;   9.0;  994.92;   12.1;   63.75;   14.8;    9.7;    4.4;eor
        662;20171124;    3;  10.7;   2.0;    3;   9.9;   6;    0.033;   0;   7.7;   9.4;  999.82;    7.6;   89.79;   10.5;    4.8;    1.9;eor
        662;20171125;    3;   8.6;   2.8;    3;   5.2;   6;    0.000;   0;   7.7;   7.5; 1000.81;    4.3;   90.42;    5.5;    2.7;   -0.1;eor
        662;20171126;    3;  12.4;   5.2;    3;   0.1;   6;    0.333;   0;   6.0;   6.5; 1007.38;    4.0;   80.13;    5.1;    2.3;   -0.4;eor
        662;20171127;    3;  15.3;   5.8;    3;   4.6;   6;    0.883;   0;   7.3;   6.9; 1002.85;    4.5;   81.96;    5.9;    3.1;    0.5;eor
        662;20171128;    3;  13.1;   4.3;    3;   0.7;   6;    2.400;   0;   7.0;   7.2;  993.54;    5.2;   81.08;    7.3;    2.5;   -0.7;eor
        662;20171129;    3;   7.7;   2.6;    3;   0.0;   0;    6.583;   0;   2.7;   6.3;  995.05;    2.5;   85.67;    5.5;    0.0;   -3.1;eor
        662;20171130;    3;   7.4;   2.2;    3;   0.0;   0;    0.050;   0;   7.2;   5.6;  994.72;    0.9;   86.50;    2.1;   -1.3;   -4.8;eor
        662;20171201;    3;   4.6;   1.5;    3;   1.7;   8;    0.200;   0;   7.8;   6.3; 1004.86;    1.6;   91.04;    3.3;    0.4;   -0.7;eor
        662;20171202;    3;   5.7;   1.9;    3;   1.0;   7;    0.000;   0;   7.0;   5.9; 1015.27;    1.0;   89.92;    2.0;   -1.6;   -4.4;eor
        662;20171203;    3;   8.0;   3.9;    3;  10.3;   8;    0.000;   2;   7.5;   6.0; 1011.34;    0.6;   93.25;    2.6;   -1.2;   -3.8;eor
        662;20171204;    3;  10.6;   4.8;    3;   1.0;   6;    0.250;   0;   7.5;   7.5; 1014.02;    4.7;   87.92;    6.4;    2.5;    0.7;eor
        662;20171205;    3;  11.6;   5.6;    3;   0.0;   6;    0.000;   0;   7.8;   8.4; 1018.94;    6.7;   85.63;    7.4;    6.1;    4.7;eor
        662;20171206;    3;  12.9;   5.9;    3;   0.0;   0;    0.000;   0;   8.0;   7.4; 1016.50;    7.0;   73.46;    7.8;    6.3;    4.9;eor
        662;20171207;    3;  17.8;   6.1;    3;   3.2;   6;    2.250;   0;   7.1;   6.5; 1003.19;    5.4;   72.88;    7.7;    3.6;    1.8;eor
        662;20171208;    3;  15.7;   5.0;    3;   4.1;   8;    2.383;   0;   5.7;   6.5;  994.90;    3.0;   84.50;    6.0;    0.2;   -1.8;eor
        662;20171209;    3;  12.9;   5.8;    3;   2.1;   8;    0.000;   0;   7.5;   5.8;  996.73;    1.3;   86.83;    2.2;    0.4;   -1.5;eor
        662;20171210;    3;  13.6;   5.4;    3;   4.4;   8;    0.000;   0;   7.7;   5.2;  980.60;    0.8;   80.13;    5.7;   -1.9;   -2.3;eor
        662;20171211;    3;  20.2;   4.6;    3;   3.1;   8;    0.000;   2;   7.6;   5.9;  973.62;    1.8;   84.92;    7.9;   -0.3;   -1.0;eor
        662;20171212;    3;  14.5;   5.5;    3;   2.5;   8;    0.000;   0;   7.2;   6.6;  990.13;    3.2;   85.71;    8.1;    0.8;   -2.3;eor
        662;20171213;    3;  16.1;   5.4;    3;   1.9;   6;    2.467;   0;   6.0;   5.8;  993.56;    2.7;   78.21;    4.9;    0.6;   -2.6;eor
        662;20171214;    3;  16.0;   4.7;    3;   5.3;   8;    0.583;   0;   7.0;   6.4;  980.02;    2.8;   85.88;    5.0;    0.8;   -2.3;eor
        662;20171215;    3;   6.6;   2.0;    3;   0.6;   6;    1.950;   0;   7.1;   6.3;  986.07;    2.1;   89.17;    4.1;   -0.1;   -2.2;eor
        662;20171216;    3;   9.2;   3.4;    3;   1.5;   8;    0.000;   0;   7.6;   6.6;  997.20;    2.6;   89.71;    3.7;    0.8;   -2.2;eor
        662;20171217;    3;   9.6;   3.7;    3;   0.1;   8;    0.017;   0;   7.3;   6.0; 1009.45;    1.5;   88.67;    2.6;   -0.4;   -3.5;eor
        662;20171218;    3;   5.2;   1.9;    3;   0.1;   6;    4.417;   0;   6.8;   5.7; 1014.04;    1.9;   81.21;    4.4;    0.2;   -2.0;eor
        662;20171219;    3;   6.0;   2.7;    3;   1.0;   6;    0.000;   0;   7.9;   7.4; 1021.18;    3.4;   93.71;    4.8;    2.0;    0.6;eor
        662;20171220;    3;   5.9;   2.4;    3;   0.5;   6;    0.000;   0;   7.8;   8.4; 1022.14;    5.0;   95.83;    6.1;    4.3;    3.2;eor
        662;20171221;    3;   8.3;   3.6;    3;   1.0;   6;    0.000;   0;   7.8;   9.3; 1021.46;    6.7;   94.63;    7.9;    5.2;    1.4;eor
        662;20171222;    3;   7.1;   3.0;    3;   0.0;   6;    0.000;   0;   7.8;   8.0; 1022.83;    5.2;   90.50;    6.0;    4.5;    2.8;eor
        662;20171223;    3;  14.3;   5.8;    3;   0.0;   6;    0.000;   0;   7.7;   8.9; 1017.53;    7.2;   87.50;    9.1;    3.1;    0.5;eor
        662;20171224;    3;  13.8;   7.2;    3;   0.0;   6;    0.000;   0;   7.6;   9.6; 1010.86;    9.2;   82.42;    9.7;    8.7;    6.9;eor
        662;20171225;    3;  13.2;   5.1;    3;   0.0;   6;    0.000;   0;   7.9;   8.0; 1005.16;    7.6;   76.29;    8.9;    4.3;    2.4;eor
        662;20171226;    3;  14.9;   5.1;    3;   0.4;   6;    1.100;   0;   5.4;   6.7;  991.20;    5.6;   73.71;    8.0;    3.7;    0.9;eor
        662;20171227;    3;   8.0;   3.2;    3;   0.0;   6;    0.000;   0;   7.7;   6.3;  979.14;    5.2;   71.83;    8.2;    3.1;   -1.7;eor
        662;20171228;    3;  13.4;   5.0;    3;   0.0;   8;    1.283;   0;   7.8;   6.1;  984.78;    3.6;   76.83;    5.0;    2.5;    0.2;eor
        662;20171229;    3;  11.8;   4.5;    3;   0.1;   8;    4.483;   0;   6.5;   5.3;  993.83;    2.6;   71.58;    3.8;    1.3;   -1.3;eor
        662;20171230;    3;  16.0;   5.4;    3;   4.6;   6;    0.000;   0;   7.9;   7.6;  988.89;    5.6;   82.25;   10.7;    2.1;    0.3;eor
        662;20171231;    3;  18.5;   4.7;    3;   2.9;   6;    0.000;   0;   7.9;  10.3;  990.79;   10.6;   80.63;   13.0;    7.3;    4.7;eor
        662;20180101;    3;  17.6;   5.7;    3;   9.9;   6;    2.367;   0;   7.6;   7.5;  989.95;    7.5;   72.50;   10.3;    4.3;    1.9;eor
        662;20180102;    3;  12.4;   3.5;    3;   4.8;   6;    0.267;   0;   7.8;   7.6;  996.37;    5.0;   87.29;    6.4;    3.3;    1.6;eor
        662;20180103;    3;  22.4;   8.0;    3;   6.5;   6;    0.883;   0;   7.3;   7.8;  978.94;    6.7;   79.29;    8.2;    5.5;    3.8;eor
        662;20180104;    3;  16.4;   5.2;    3;   3.7;   6;    0.000;   0;   7.7;   8.3;  983.15;    6.8;   83.38;    9.1;    5.6;    4.0;eor
        662;20180105;    3;  16.1;   4.9;    3;   0.4;   6;    0.017;   0;   7.8;   7.7;  986.12;    7.1;   76.46;    8.9;    4.6;   -0.1;eor
        662;20180106;    3;   8.4;   2.5;    3;   0.0;   0;    0.850;   0;   7.8;   7.4;  998.94;    5.2;   82.92;    7.3;    3.2;   -0.5;eor
        662;20180107;    3;   9.7;   4.8;    3;   0.0;   0;    1.083;   0;   4.9;   5.2; 1017.80;    0.7;   80.21;    3.3;   -2.3;   -4.0;eor
        662;20180108;    3;  12.0;   5.5;    3;   0.0;   0;    6.917;   0;   4.4;   3.9; 1020.31;   -1.1;   70.42;    1.4;   -3.1;   -4.4;eor
        662;20180109;    3;  14.7;   4.9;    3;   0.2;   6;    0.100;   0;   6.1;   5.5; 1006.34;    1.6;   78.71;    4.3;   -1.6;   -3.5;eor
        662;20180110;    3;   6.6;   2.3;    3;   0.0;   6;    2.883;   0;   5.8;   7.2; 1001.95;    4.2;   87.38;    9.1;   -1.4;   -3.6;eor
        662;20180111;    3;   4.9;   1.3;    3;   0.0;   6;    0.450;   0;   6.7;   6.3; 1007.20;    1.1;   95.96;    4.4;   -2.1;   -4.3;eor
        662;20180112;    3;   6.7;   2.1;    3;   0.0;   6;    0.000;   0;   8.0;   6.8; 1016.82;    2.1;   95.54;    3.0;    1.3;   -0.1;eor
        662;20180113;    3;   9.6;   4.3;    3;   0.0;   6;    0.000;   0;   7.7;   5.8; 1019.02;    1.4;   85.71;    2.4;   -0.2;   -1.2;eor
        662;20180114;    3;  12.3;   5.7;    3;   0.0;   0;    6.817;   0;   3.1;   4.5; 1015.75;   -0.2;   74.63;    1.4;   -1.8;   -3.8;eor
        662;20180115;    3;  15.2;   4.5;    3;   1.2;   6;    1.400;   0;   5.2;   5.5;  999.51;    2.4;   74.96;    5.9;   -1.6;   -3.4;eor
        662;20180116;    3;  13.2;   4.5;    3;  10.9;   8;    0.217;   0;   6.8;   6.7;  981.01;    3.2;   87.08;    5.1;    1.2;   -0.7;eor
        662;20180117;    3;  13.3;   5.0;    3;   2.1;   8;    0.083;   0;   7.5;   5.9;  986.23;    1.6;   86.13;    2.6;    0.1;   -1.7;eor
        662;20180118;    3;  29.5;   7.4;    3;   3.1;   8;    0.267;   0;   7.6;   6.4;  984.36;    3.3;   82.17;    7.4;    2.1;   -0.1;eor
        662;20180119;    3;  10.5;   3.4;    3;   0.3;   8;    0.233;   0;   7.5;   6.2;  995.73;    2.2;   87.33;    3.2;    0.7;   -1.6;eor
        662;20180120;    3;   8.5;   2.5;    3;   0.1;   8;    0.983;   0;   7.3;   5.9;  995.10;    1.4;   87.71;    3.1;   -0.9;   -2.6;eor
        662;20180121;    3;   6.3;   1.6;    3;   0.0;   8;    0.000;   0;   7.5;   5.8; 1002.52;   -0.2;   95.75;    1.4;   -1.5;   -4.3;eor
        662;20180122;    3;   8.5;   3.5;    3;   1.8;   8;    0.000;   0;   7.8;   6.4;  999.74;    1.6;   92.21;    5.5;   -0.4;   -1.3;eor
        662;20180123;    3;  11.4;   3.9;    3;   1.3;   6;    0.067;   0;   7.9;   8.2; 1009.42;    6.5;   84.42;    8.2;    5.2;    3.7;eor
        662;20180124;    3;  14.4;   6.0;    3;   0.9;   6;    0.517;   0;   7.9;  10.0; 1004.68;   10.2;   80.25;   12.2;    7.3;    5.7;eor
        662;20180125;    3;  10.7;   2.7;    3;   5.1;   6;    0.000;   0;   7.7;   9.4; 1002.65;    8.5;   84.75;   11.5;    6.5;    4.9;eor
        662;20180126;    3;   4.7;   1.5;    3;   0.0;   6;    0.683;   0;   7.9;   8.9; 1008.52;    6.1;   93.83;    8.2;    3.2;   -1.0;eor
        662;20180127;    3;  13.2;   2.9;    3;   0.1;   6;    2.283;   0;   7.5;   7.5; 1018.57;    5.3;   84.38;    7.2;    4.0;    0.4;eor
        662;20180128;    3;  14.4;   7.1;    3;   1.7;   6;    0.067;   0;   7.6;   9.0; 1014.99;    8.2;   82.29;   10.1;    5.6;    3.7;eor
        662;20180129;    3;  17.3;   8.1;    3;   2.6;   6;    0.000;   0;   7.6;   9.5; 1010.96;    9.2;   81.58;   10.7;    5.3;    3.5;eor
        662;20180130;    3;  11.9;   4.5;    3;   0.0;   0;    1.333;   0;   6.8;   6.6; 1015.55;    4.4;   78.63;    6.0;    1.2;   -2.2;eor
        662;20180131;    3;  16.3;   4.8;    3;   2.8;   6;    0.000;   0;   8.0;   7.9;  996.08;    6.0;   83.29;   10.1;    1.3;   -2.7;eor
        662;20180201;    3;  11.6;   4.4;    3;   0.0;   8;    6.633;   0;   4.4;   5.8;  989.44;    3.5;   73.67;    6.0;    0.7;   -3.0;eor
        662;20180202;    3;  12.2;   3.9;    3;   0.1;   6;    0.000;   0;   7.5;   6.3;  991.73;    3.1;   82.08;    3.8;    2.1;   -0.9;eor
        662;20180203;    3;   8.6;   2.8;    3;   2.1;   8;    0.200;   0;   7.7;   5.8;  995.89;    1.2;   88.13;    3.0;   -0.7;   -1.9;eor
        662;20180204;    3;   5.1;   2.1;    3;   0.1;   8;    0.233;   0;   7.9;   5.1; 1008.89;   -0.5;   85.75;    0.8;   -1.5;   -3.0;eor
        662;20180205;    3;   7.9;   3.3;    3;   0.1;   8;    0.050;   0;   7.4;   5.0; 1017.92;   -0.2;   83.42;    1.2;   -3.4;   -5.4;eor
        662;20180206;    3;   8.8;   2.9;    3;   0.0;   7;    6.917;   0;   4.1;   3.5; 1008.37;   -3.2;   73.42;   -0.7;   -7.0;   -9.7;eor
        662;20180207;    3;   4.7;   2.0;    3;   0.0;   0;    3.750;   0;   5.0;   3.9; 1006.90;   -2.0;   74.08;    0.4;   -4.2;   -7.9;eor
        662;20180208;    3;   4.0;   1.4;    3;   0.0;   0;    6.700;   0;   4.2;   4.0; 1010.49;   -2.7;   81.38;    0.9;   -6.3;   -8.8;eor
        662;20180209;    3;   8.9;   2.8;    3;   0.0;   0;    6.633;   0;   2.7;   4.1; 1006.31;   -2.0;   77.50;    1.4;   -5.9;   -8.4;eor
        662;20180210;    3;   6.5;   2.0;    3;   0.0;   8;    0.817;   0;   6.6;   5.4; 1004.74;    0.3;   85.75;    2.9;   -3.4;   -7.1;eor
        662;20180211;    3;  13.5;   4.9;    3;   0.5;   8;    0.333;   0;   7.6;   5.6;  992.82;    2.3;   78.13;    4.2;    0.5;   -1.6;eor
        662;20180212;    3;  11.6;   4.4;    3;   1.0;   8;    3.450;   0;   5.8;   5.6; 1000.19;    1.4;   82.96;    3.9;   -2.0;   -6.6;eor
        662;20180213;    3;   7.4;   2.6;    3;   0.0;   0;    9.117;   0;   0.2;   4.6; 1005.31;    0.0;   76.79;    4.6;   -3.5;   -8.7;eor
        662;20180214;    3;   8.7;   3.5;    3;   0.0;   0;    9.217;   0;   0.6;   4.1; 1009.19;    0.0;   67.21;    4.6;   -4.0;   -7.8;eor
        662;20180215;    3;   9.2;   4.1;    3;   1.7;   8;    0.050;   0;   7.3;   5.1; 1005.78;    0.7;   78.79;    3.1;   -1.1;   -3.5;eor
        662;20180216;    3;  10.7;   3.7;    3;   0.0;   6;    6.550;   0;   4.3;   6.0; 1013.16;    2.7;   81.75;    5.9;    0.1;   -3.5;eor
        662;20180217;    3;   5.0;   1.6;    3;   0.0;   0;    0.883;   0;   7.7;   5.2; 1015.37;    1.1;   78.58;    4.5;   -3.0;   -5.8;eor
        662;20180218;    3;   6.7;   1.7;    3;   0.0;   0;    7.350;   0;   4.9;   4.8; 1017.29;    1.5;   71.21;    6.2;   -3.2;   -6.6;eor
        662;20180219;    3;   5.0;   1.9;    3;   0.0;   0;    0.417;   0;   7.8;   4.9; 1011.10;    0.6;   76.88;    3.9;   -1.7;   -5.0;eor
        662;20180220;    3;-999;   2.2;    3;   0.0;   0;    5.867;   0;   4.1;   4.7; 1010.19;   -1.0;   82.75;    2.9;   -3.7;   -6.7;eor
        662;20180221;    3;   6.6;   2.5;    3;   0.0;   0;    5.983;   0;   5.5;   4.2; 1015.60;   -1.4;   76.25;    3.4;   -5.9;   -9.3;eor
        662;20180222;    3;   7.7;   3.0;    3;   0.0;   7;    3.300;   0;   5.7;   4.5; 1015.67;   -0.9;   79.88;    3.1;   -4.8;   -7.4;eor
        662;20180223;    3;   9.6;   4.1;    3;   0.0;   0;    7.300;   0;   4.9;   3.7; 1015.62;   -1.5;   67.63;    1.0;   -4.7;   -6.7;eor
        662;20180224;    3;  13.7;   4.7;    3;   0.0;   7;    4.950;   0;   3.5;   3.0; 1019.63;   -2.8;   62.04;    1.2;   -6.3;   -9.1;eor
        662;20180225;    3;   8.5;   3.3;    3;   0.1;   8;    6.667;   0;   4.9;   3.0; 1021.75;   -4.9;   69.88;   -1.7;   -8.5;  -11.0;eor
        662;20180226;    3;  11.4;   4.2;    3;   0.0;   7;    4.433;   0;   5.4;   3.2; 1018.81;   -4.9;   75.75;   -1.6;   -8.8;  -12.0;eor
        662;20180227;    3;  10.7;   2.4;    3;   0.0;   7;    2.583;   0;   5.3;   2.8; 1013.14;   -7.1;   78.83;   -3.5;  -10.9;  -13.5;eor
        662;20180228;    3;  11.5;   5.4;    3;   0.0;   7;    4.567;   0;   4.4;   2.0; 1015.34;   -9.3;   65.92;   -7.0;  -11.8;  -11.8;eor
        662;20180301;    3;  13.1;   6.6;    3;   0.0;   0;   10.217;   0;   4.0;   2.0; 1006.81;   -7.6;   58.54;   -3.5;  -10.9;  -11.7;eor
        662;20180302;    3;  11.8;   5.6;    3;   0.0;   0;    9.700;   0;   1.2;   2.1;  995.76;   -7.7;   60.96;   -2.8;  -12.0;  -12.9;eor
        662;20180303;    3;  12.3;   5.2;    3;   0.0;   0;    9.483;   0;   2.6;   2.1;  993.81;   -5.9;   55.17;   -0.8;  -10.6;  -12.8;eor
        662;20180304;    3;  11.7;   5.0;    3;   1.3;   6;    5.150;   0;   6.7;   3.7;  990.75;    0.1;   58.04;    6.4;   -5.5;   -7.5;eor
        662;20180305;    3;   7.0;   2.8;    3;   0.0;   0;    7.000;   0;   4.9;   6.6;  986.56;    5.4;   74.54;   12.0;    0.2;   -4.4;eor
        662;20180306;    3;   5.7;   2.2;    3;   0.0;   8;    4.917;   0;   6.0;   5.4;  983.57;    1.3;   80.54;    4.8;   -2.9;   -5.9;eor
        662;20180307;    3;   4.8;   1.6;    3;   0.2;   6;    0.617;   0;   7.7;   6.3;  984.70;    2.4;   86.58;    6.1;    0.4;   -3.1;eor
        662;20180308;    3;  13.0;   4.8;    3;   1.3;   6;    5.150;   0;   7.0;   6.9;  990.11;    5.9;   75.04;   10.1;    2.4;    0.6;eor
        662;20180309;    3;  11.5;   4.5;    3;   1.4;   6;    2.750;   0;   6.5;   6.4;  995.72;    5.5;   71.21;    9.2;    3.6;   -1.3;eor
        662;20180310;    1;   6.5;   2.7;    3;   0.5;   6;    0.200;   0;   8.0;   9.5;  992.96;    9.1;   81.21;   15.3;    3.1;   -0.4;eor
        662;20180311;    1;   8.4;   2.9;    1;   0.1;   6;    4.417;   0;   7.7;  11.1;  987.78;   11.9;   79.79;   15.5;    7.7;    1.7;eor
        662;20180312;    1;   7.0;   2.0;    1;   9.5;   6;    0.000;   0;   7.5;  11.3;  982.97;    9.3;   95.50;   10.7;    6.6;    2.4;eor
        662;20180313;    1;  11.3;   4.2;    1;   0.6;   6;    0.000;   0;   7.7;   8.7;  990.18;    7.5;   83.83;   10.3;    4.1;    1.6;eor
        662;20180314;    1;   9.1;   3.2;    1;   0.0;   0;    0.000;   0;   7.8;   6.3; 1001.43;    4.2;   76.04;    5.6;    2.7;   -0.4;eor
        662;20180315;    1;  14.6;   6.5;    1;   0.0;   6;    3.300;   0;   6.3;   6.2;  995.94;    4.1;   75.83;    7.6;    1.1;   -2.5;eor
        662;20180316;    1;  12.5;   6.4;    1;   4.8;   8;    0.000;   0;   7.7;   5.3;  997.35;   -0.1;   86.50;    3.4;   -3.8;   -3.2;eor
        662;20180317;    1;  16.8;   8.4;    1;   0.0;   8;    1.850;   5;   7.8;   2.8; 1002.68;   -3.6;   60.83;   -2.2;   -5.3;   -5.6;eor
        662;20180318;    1;  16.3;   7.9;    1;   0.0;   0;   10.483;   5;   7.7;   2.2; 1005.32;   -3.0;   46.33;   -0.1;   -5.7;   -7.4;eor
        662;20180319;    1;   9.5;   3.6;    1;   0.3;   8;   11.617;   3;   1.5;   2.4; 1005.67;   -2.4;   48.04;    2.5;   -6.8;   -9.3;eor
        662;20180320;    1;  13.9;   4.6;    1;   0.1;   8;    5.433;   0;   4.3;   4.4; 1007.62;    0.4;   70.79;    5.2;   -4.4;   -7.4;eor
        662;20180321;    1;   9.7;   3.2;    1;   0.3;   8;   10.417;   0;   6.2;   4.6; 1016.16;    1.2;   69.29;    6.3;   -4.5;   -8.0;eor
        662;20180322;    1;  11.1;   4.5;    1;   1.0;   8;    0.000;   0;   7.7;   6.8; 1003.15;    3.4;   87.29;    5.7;    1.1;   -0.4;eor
        662;20180323;    1;   6.7;   1.9;    1;   0.0;   0;    0.817;   0;   7.8;   7.0;  997.18;    5.2;   79.79;    8.5;    2.3;    1.0;eor
        662;20180324;    1;   6.9;   3.0;    1;   0.0;   0;    1.200;   0;   8.0;   6.5;  994.83;    6.1;   70.25;   10.6;    0.9;   -3.8;eor
        662;20180325;    1;   6.9;   1.7;    1;   0.0;   6;    4.817;   0;   7.9;   6.1;  998.29;    5.4;   70.00;   10.7;   -1.1;   -4.7;eor
        662;20180326;    1;   8.6;   3.2;    1;   0.0;   0;    5.850;   0;   6.1;   6.7; 1004.23;    5.5;   75.17;   10.1;    0.9;   -3.7;eor
        662;20180327;    1;   8.6;   2.9;    1;   1.1;   6;    9.100;   0;   4.6;   5.9; 1003.41;    4.7;   72.08;    9.8;   -2.1;   -5.5;eor
        662;20180328;    1;  14.2;   4.5;    1;   8.2;   6;    0.000;   0;   7.6;   7.5;  992.34;    4.2;   90.46;    7.2;    3.4;    2.3;eor
        662;20180329;    1;  17.6;   5.5;    1;   0.6;   6;    1.183;   0;   7.1;   6.8;  993.83;    4.8;   78.96;    8.1;    0.8;   -3.1;eor
        662;20180330;    1;  11.6;   4.2;    1;   1.2;   6;    7.467;   0;   6.4;   6.5;  995.48;    5.9;   72.13;   12.4;   -1.1;   -4.4;eor
        662;20180331;    1;  10.8;   4.2;    1;   2.4;   8;    0.000;   0;   7.7;   6.3;  990.64;    2.9;   84.67;    6.4;    1.0;    0.1;eor
        662;20180401;    1;  11.6;   4.9;    1;   0.0;   0;    1.250;   0;   5.8;   5.6;  996.78;    2.4;   77.54;    5.5;    0.6;   -2.8;eor
        662;20180402;    1;   8.2;   2.7;    1;   0.2;   6;    1.717;   0;   7.0;   6.3;  999.09;    5.7;   68.88;   10.4;   -0.1;   -3.7;eor
        662;20180403;    1;  10.6;   4.0;    1;   0.0;   6;    5.800;   0;   7.7;   9.5;  992.40;   13.6;   61.79;   18.2;    7.5;    5.6;eor
        662;20180404;    1;  12.3;   2.8;    1;   1.7;   6;    6.533;   0;   5.5;   9.9;  992.43;   13.4;   66.00;   20.2;    8.7;    4.0;eor
        662;20180405;    1;  19.1;   6.0;    1;   0.2;   6;    2.617;   0;   6.0;   8.0;  999.38;    8.4;   71.75;   12.7;    2.2;   -1.3;eor
        662;20180406;    1;  11.8;   3.7;    1;   0.0;   0;   12.467;   0;   3.2;   5.5; 1012.68;    6.7;   59.33;   13.3;   -0.6;   -4.2;eor
        662;20180407;    1;  10.9;   5.4;    1;   0.0;   0;   12.517;   0;   6.2;   6.7; 1004.65;   12.4;   46.63;   19.8;    5.0;    2.2;eor
        662;20180408;    1;  10.1;   4.0;    1;   0.0;   0;   12.483;   0;   0.8;   9.4;  999.28;   15.0;   55.88;   21.7;    8.4;    4.4;eor
        662;20180409;    1;   7.2;   2.8;    1;   0.0;   0;    7.333;   0;   4.7;   9.9;  996.06;   14.7;   60.83;   20.6;    7.9;    4.2;eor
